000000639009150700400000000000640020061005070000078000000712000910860400200030001
074082630320040800006073425732451900500936000619800354463700592891265743250394180
105380900036940050000752801200400706080003009009061004004000000000070300970028000
000000239070024000020950647000065120610003004050002708008109406237800010106000890
046905003800000407500400001000000080000090040210300005000000870001700230620040009
004300000700200904813005060000050700167900250395100000586042300020090008031078000
240000005001097000605080400750208010310060892008579000192000046000346021070105000
060309000040000630000804207580100009003960708900000000720030000000506084631200005
308000201005042070000000600020000136400008050800000000036017095109000000000000004
000016003089570002200000008000092000060143000700005891300000000806004710090800600
400300500000400000300200107090008402807000360020710000008000003070500010060093008
306708900000043206050900007000000075000000681060100300000000098003050010070834000
000900043035080600094060207601000004407000000000718000010400908300007500200650001
080406100000100246019000500020090300801000074000000002007000001064000020002007600
809400307067830005000705000000000700970020040350000000000004060000000030020506009
803004006605730000400016295030000701054801000001349500000007604200500008948602003
108003045070020000403090000205000000007100000041000200010007000030680700000059000
500901000390042080000000064000019000007054200000030140200098000000600500001700000
200600843400517000015092006302405900070008100080300200043200098127000005908000600
248000000350004060900008201000716000670300149009040600100680790893400000726900500
680070000004000000030402100300000000000010060176050200000004009400597612003000000
067501000018300200050070600801037006200000107000918000000042050100600084300009701
000000370046012005830600000900004852460029000000050709013940560095068240008000010
000070300609021500070065002080002051160503029050604837000009263895200000036007000
003602007100570260907430080070100345460700002390048006640000170010209004002001090
080700002903810600050900400430060000709050060800270030160000074000043208002005010
000006070000000094015049002000000029800000500201700400920070001000430907450290000
000890000002560780895003402019020004000600500600174000083400000706952040001000003
014200503050090000068500009000910080000380017009050020005870900300002640100040050
920610003080000051301720086207104000060050009000073428630908104000031860009000070
300500407001003009000000300010200000000046980506780210400000002060038700800000150
300002100010860004520309000048010090006708351903000400000040500004036900005000812
508000436400300700100040009063900100000020040801700050010030570000000000020001003
620030000400000000500090780031020964005400802860570003200050079000018006070000530
000400010008000400100328000005287000400106090000009007080000070000000054001000309
900002007000004510708960032004100050629430100010008096000001740000806003045000209
500000004001027000008593000080000700003002000000400000020040000090001080610080290
000830200080160000209750804100307000000980067003004590407000002026041380090520016
700009403004231089000780000015900362803060705000000000640007000000003126000402957
004807925890050070300001040070004098009003610425010000608040003000002004000106809
000090210980000003000207950000000000690841000010050300075000160069418720000000080
700009208018032045600000000030005107000000003405000020970420850380071900000000600
360002500870000900020003048009650300603100409057038600400006715700890230035401000
030700809604000157980643020000078000052400090090006340008004700001007200305092000
005002074000130002200076501000007030000004000300580910450700189009258300000319000
000627490700900023900005000000090016000058000090740305005060004006400809410000270
940000000350000001016904035069085000400000207072000896180090000000300070590406120
900040200070000510010072000007010360823067009056000008060050400008206071000300986
000060020000000004015920030003610000000000000200000096000891300089046075030002080
040059208000003610820000500037080050008214700012300469001600002780120900906005307
000050701200000000300002000051079000900001300000004060600908000000030096800007050
004070058761000490903002070000900015100050630000000040380000569009507003605014080
000000072007006801502030000210597030400300008365182900721800053000200090840059010
602007900000490000000000063026010800090070034705230600030945026010020040004060078
000603150000000040000001803602000004500700082000038000950410030308200060000805791
205008407007006031309004000041000005090350018080901040820597004100640300070182060
027130000000002060300060090109605740005008030048723100780041306234806509056000000
900700040000409230400058710050071000104905600609000180007020098086107003200003400
304000712020000400009005000040300000070010064000004200000647001090000023000080000
840307000000000070017009080000200403000003090001006200630700000400050007000080064
300600204050019706840000093010405080524000900007201000008350402003840071001906850
000700000000000010150030040376050008000900006000680007007003800500007300800006201
000806010702000004006004030000000200810400096005067040007200800409301000008000000
800732045043000027010080609091500080270168403680000001020470300006800900000021078
900031020008000000504907100000000542000095008049003670000074010000020380010300004
080050300691000580002030000023174005000300040800900207005702063206008004008640002
052090000000030052009060700300745009070800010000600025003201094000500608400900007
001600000900040000008003705130007040007008900000052000000006072009020060082400000
004350090005706040000409500027004060460802001381000000100540007703000600900008200
000103604200600870005008001006000000300720100000004000802040000003006009000000030
000092070057003001902400860308900002000020587490800000640008130870010954005076008
000120000000007004006080002900000005302000901045800026050400009000000147098002053
100008607040006030067013840200090086400060195005001000306249000000007210520300900
040053009209700000703280061000400100580009020000060008461800307390524000000670005
008901005065032007409000300200370040870000603090850720082100050000203000016004900
000410320010652078069000050450001630900000007080000009003024080102806000800007004
006050934400030028058209000893100056004000000100000409080326000000005080020090610
040700001010096500305010006600000000200040000000300000800000002000801340003200010
040005310000309000830000900600070021200090085070004060080020090300100002009000070
900500000000060030470300810000834720100602000803005000007048061060000000000000200
005020078890036105473001000912504706030000409008200003000853240507060000100709030
080901003000000860010003702007050000000000007040200980350002000009006030000870250
