000937000710060894900001360030100006642000010090620030009000053106345080000008070
000501008600298000002346901100050002096180000008000006903400280020000704570820060
020053079860400210090218643389000000000000004000329150408070900000801037000900000
700390000216458930000712080490601700500270019070049200900860302007000890000930146
700005000056142079002730165104000830605000094080000650300020587500003000260090003
200009060803405210007001503129000040056004000348090601901607405004103000070000000
200861000610954080400032169040500702020103000007000018064010020900400870800000300
002010000340800271000000340006109803000070400015008607900501700050480009680927504
085070000000600500769045831370504908000768300002003760050006102428007600003892000
030080050009507610200030007000000360910300400683040000361208904500069008498000006
239000700680090002041006508050020687000174000307865124078000053062380400000000009
903586001040132000160009025000200639009040000030795840096020510804000203510000700
008705100002080507590600420003001060600092005821006003436050081200004000710208600
000048106090060023000092504702004618450816372000030459003029000908100000010080900
006450937900000008000009006354000170690500003070000000087026340000041700403080692
132450000064700005578090041001300650059000084000810009005100063020576008010000002
003500070000402358001008060639000005745060010080035490500080000000900587008600000
031806400005000030009103256000009000000602384000000010008001520100020690320975048
100064508300579140006001000080900672702650904000010035200800001043100200610025009
