000000000200000069186359240000900510002708600068500470721035906000080135853006700
197008004650004809008091000082107340401209705730406000000015600000070450009643170
000460000406830715802000060200150000307020801615007000524978106008000000060500009
008702435254000009070406280500800004740005810986000050090000140001040570405200608
405009027000137006001540030907013005000728064280000700018000090370291600629405300
600309704240507100000000009104063000093050000526048301001074523460830900702005468
040100200502080704000245638070000000000408300680709000006097050207530106850012070
001046900400003267003079004030708400064090758908005300847030620500000803300007541
400930170509107002000008000371200685000070040000063009207089561050706020086352497
000370000094002507700840003910060002040000600605108040082751096030286000576003018
000840700028091000179630200000210560600080100000360029040026310213050906060100800
546000701000000050310009824260798400034000009900040000173250068402936000605017042
183249000050061049690080001030700410012036758576000390068154000000670083001093500
400008100010045007080070430678009200309500010501260789195026300800930570704851926
040670250286000009079010000358000907460950031001832460600091002925406010810003604
091080040500010000048090006000754201407001580050008004009075023300040607004120908
061800000030000250472560301080937000603050479007000813245006030310200040700304002
520000000803605020491027500704050010600410798039000065345000870900500004260030059
490500308000001000058090106824000009579040860006008502783069050010050607045087010
000957084805004760437800092008602000000010000174305028260009070080473016000126800
653700012207006090010024000000045680062000070430000129500471900074930250300052701
019063008370000695802500003607850401080730006930010072043170500008020304096300207
019000027000005080450600091380016702700080164100050039540001070930840010001000203
005012004097403200824090051080037040712500630500100007400005802056000479070604513
