083540060000203000029600080000006408000709000602000000170308090000150000040002603
000710043004000000120309000000000619700640030000100070098200001002000400000094700
869002504020138000750040036070604020030000060094800017680050000007090300040007690
400506970006032008090807000210400300600000090530271060000103002060000859000068740
509000000000094000070002900001060409040000831290500000000000004683700000000005000
380672000020090700000500410950001320400000008000048670260010030030200000000000005
000002086002000301590040000000065000003009400000300060050000830300400020021000000
080620100903000000406090850000716005000908013098500006329085704564009082007360000
200041070090800015000935000900213860470000200600000030059080700036107490000394052
900078000000190020560020000000060000000203500100000006000000390037005408650309700
048002000700800000300109704000000149004730600080000000003400028000010006200090030
002018009000500000009006305010000000070000480980035000000000000004750060605000730
200690100300100006908500030000005040010000000000000870400016708070002004820050060
680400000700000810000300900000060000010004000000059042800006003000001406940000107
020000458400000000003800010000200701607004000039567002000450600000020000000000500
150089400700210069480030720596028000020070591000006038304005080009000206000890070
193200000600480100700350064008000040060000290904630807079000028042000005305827010
800090105103270009002640070064300810000001054039780020005416002008507300000020901
004009235800200070000348100100030000000070056029801000080060302461000000005000910
801000430000000000060000000410008075000025006006700300000000027090403000002060050
003180005618000204009000000700645090024839001000021000002003009030000416040056800
000467000802900060093000000000000326100056000007800005700000030068043000000289507
000005108007900300980100000800050000030097005072080000090600000004000000000304960
000001500007060000045000000000800010060370040000009000020043900300000104000107850
050004007070500600691020034005040020034051000007260390000713000903000200000002805
030000000100674000060000850040000065080015040000000008000931080450800700000006000
