
815003020402000000030009050007020006253940000000006094160087203090030007078005600
732940086900060070600100400590806200014500703300200600800000060426007900003000058
000003205006007908000002100900034080560080001700105000390000000000000360007058000
600937000740100603003640070400003000100706000060000142000008700004300020890000001
200100580610000700000900042004050100193000000500431908057040020060000000009000030
200503006580070209000160530409000012000005304105200670000740000920000860030900740
010004000400000003900003000842001397030200068690000050063000900004050000005008640
009008736000201000000000000085627040010080500063005900000096178004000000008700050
090300004076025800030086029020400730009500008010700000047000580000030001000009602
050008001369050004000700982001485076490062000002100305010090860000070450700246013
030007052009083064040021008370000086010500070400976235267000000800000300900730001
405000021700001590028705000503004600000050437007103008009800010070340006000620700
004017003230008901700043000000602400823070000000000020500200786002800000000090000
000904002008630000010708040060020000700005000000847000602000508000001036900500020
019020000000060275847000600000439062401000007025007000730104000100605824060200519
295000030080000704001803290000030406100408009007600302043069000000280060008700000
080000912000009400600782000000060347008050000709100260050000620000290000000501000
001530004460000028000040060009000380204009000100008000500800103000000096600004000
090402000005000000420308010704000500003601840006070130041000078050060490600500000
430528000021796000098040270780002501010005020200809307102060403900184050060053019
240900300000004050000700008807000003600050902000309180490008000000032000000070020
020403090037009004000002030002186005468000000900500000210000003000090006003070021
000002000098150060405037001870510923260000000050000014612000059500800407300940802
009601700408000503032000080000273000060000049000000800107006004003010297000000000
700650400328000050500430082100000370050001006062000001010000000097300140006008030
590004100030100008028009003089500000004008000013946000706000504000060007000020090
040917385700000010002004900600000000591000003000006000020000158069002000450800690
302000680000801590080000214060210000400000801001630020604020905730000000200008003
016900005405836071200001300980000000307540000054072910800100402000020807032000500
603000700000024009000001400000000003804700000100900000490005086000006000085000041
074002010090308000003000504000700208000859306120000790300200900400061000000000053
502000734100002580038070002907000003021000607060503000400035870600708001010209306
501008700000204005400000001090080000062000093310400000700006000258000030006800000
008095400603200050459683021030050006024060590586002014090406002840007600000800045
800000105020007000540000030000000460009074580004008902000500000030010200002940003
500000008004210000100090705930008006000504090006700501000000302000063010007400809
500090860000072030978301020700056000056807040000003952000014008085000207030280090
200001000800007091070000200000000050325000006000579140060000009010600000003000570
060050200000823060500407080000070102000902607791030005109000023076390008000045010
000800390059130000024900005500600040007004620402753000080370100041006009000009002
006000002043050006072900003080001045029406030504809200005070010800392060100005407
000983001850001400000006095003800000001060003200470610004309107019040500360500002
030000000200000700009000000906510000400002873705000040508000000003000650002047000
008304075000700610070108409280017590009463280507000000004096002600200007002080143
000050080050001000401090020000079050015280000807000162900004600000000003520000000
006200030009040680100638000670001950000090000800005000000070269460010700002900104
