043000006009000007000405810200000000010000400080300090600040000950130000007002009
007000013860000000000000900004065208005020090080017300900701000700900621000302000
020300060750900008000406000000641000000800406810000050030000000408072130560000700
005403000200000030000001029020040705000086000900000100503070900000000801040008570
008304000400578001170000953200080360507100802000005100040700008850620037006030020
700300000030020164050046000420000050000450006070000000083000200100004039009800645
240500300809700050530400209700106002004008700050000180000000000091607820008002607
100004000000070158020089007083407506500801094002060370870020003005100000000730210
186405090073080004900006007000539410328041050040820060005090670007600503000000009
076002053039008000050704201180500032000010670000960008601009700320000000000000100
000000005000035000000000100900050070008463000705100008503009820060540900000720000
403020006507010000091700000006000000300090702000000900000230007108000400904105600
000900000072030500840072063000826490007005300091300008306000009000280000785640000
006037000000060080050904070400280010000050002003000006001000000009520040000400100
000000064814000900092003000250460038073000056000090102600900485485000300301020709
000005046070400008000082003400070050020010094830504602900006080165009400000053000
090000002003600004007005000600013400009080030004000080248000000005007803900030200
000200600000000040007050080006010300032705800080000700100090004790000021004800000
020000064001007000704096000492800000000100006080000400610000005008902000940000000
308000920009006800000080601100000089200500740900040000056420000090600000000800000
700300080010200900006810203279000401030405806100096530000600000594038000003702059
009050380684072001000008047160004009000009805200703004005600000040090102003010000
706001092000500310095002040100000207003069080004035000000010060000000701201000034
000080930537000000000050107900000380050942000060100000005810000010200000000390602
390001007070008030000900000452080100780206009030075842809500000143760500500004200
075006000000002030004000607300007000750040000080100060020009703400703002061020950
040518079005000030003006040659000014000697050408003026010970805370002001060004000
070040020001000060208050100007285009960000010020100006000500200700934000193007508
820000531400090760007206840093002000071508024204069003040000006100430070360900180
086000009020037160000085072500060003302900007000720008060200000208000056100403020
058126040000000005040000009003015060090600000405200300100700030000301000082000007
056028300030600107700015408900006070020700650508093000090270001607800500000409063
000000059090704680000030000000900070000007410089040002060300800908001504000509300
076904320508132090900000704803201900000800500704000000142090003060000270000003051
000700629072091000384200010900627508006000090000009201540000007007003000093165002
008010003004700902090300576800600090013209000000000804005100300100520000900008020
730600010542000070001980500080526109064003000900040200028090637000207400107000008
400900600090600507065000801000090710279050004108700050800020400502000038000378906
