000000200000000587080000001000000690410030070050080004740003005003005800000709300
270350090319760500408009030000030081003207059690000273080000000037602005002801007
000070310000903800702615000061240570504000003030000008103096002000000069900050000
609080170000049003207050086006001900300760040010020057170095630800630400453000200
807005620650030000030007590090712080062400030403008000000396045008050270004001000
000050008040800239800007000000900100030000940700000000000361050405020010000000006
620000004800900610000703000000000950005000200370000400047030080058060007000805000
001300000005419700839000051540060000000908030008050970090000014000040000287001609
000063901539870006000000700002041057005300000000000160951608000000000005000002800
000704260050000307000500800000000704060000000000205009009000051001040036376090000
000067081000000470062000000400680000800030109000704030008000703000003000900476500
400900086900682003800005490064003200000800907000700300005007100001000500000006000
000070200003080000518420790000100070064905012050003008080000006002090800007050000
000001060100065798000000020050200400000006800007103000090050136020000004003678900
040010060006000004000000783001070608600503000529006100080001006730908500160350009
010070000300500746200001830070180000008046290400000000031800600049053000805704023
000106000300700420270000000600040001700059043140062509000570000050004060024000087
010400907692008451754012368000071205020300080047029130361087594485193000279500803
