000908240020704000170000000000030000000800700709000000002580670000001400800042000
000850040027040000006009500813296000702003900065008030130070002000604081050930700
907000000400801302000207040040602703306074901759300000005010064670000190000590807
305001000800735001406000980090000502500409100124803000942180075600040030000000060
080905021002000709405030000070500080900670000300002400040000068008090000000010930
000008205050906004470000109003875900007400600510203040005640000008700026760030050
000209000500000010700001208004038000605000807900050020312080500069704001800005409
800000001000068000000903000430000010009350020087004000570020000021080509000600437
010297304050800720600050180500041200701000009009000600040005072180000060070602843
920400000000809027000710038096070000507030210100680000045300060000000080071200005
800003004905060120400200005043809560090351270008000091009000600082004000500680917
000080000000000006300050700507008100600030000034007095000620003005300004000500600
035800246012300950090600000100006000054028010800140067000080304000490072006070000
308007400769050031004003000681000300000602900070009120007145090400790803100038000
090000720024000000560738010305800900070249500002000000030150406058004000609380102
002300007109000802075000140403800050906002001000030206301004000860590000097026010
501000700400000061007300250080040000000000840000507000100000098090720103200610504
351000000460213900700085040000836090820000060004900000200170038917040506600350019
