002187300080439005073005801200300900059002643030800510020563007015940200060201400
060201400015940200020563007030800510059002643200300900073005801080439005002187300
000002000612350780050090302295803041046000038103020597420569803000140000007030150
000200000087053216203090050140308592830000640795020301308965024000041000051030700
004102060002049510700365020015008030346200950009003002108500370500934080003781200
003781200500934080108500370009003002346200950015008030700365020002049510004102060
051030700000041000308965024795020301830000640140308592203090050087053216000200000
007030150000140000420569803103020597046000038295803041050090302612350780000002000
596400010420150678180003095900000263678340150002961004214500007730810020009030540
009030540730810020214500007002961004678340150900000263180003095420150678596400010
072069145031070829904280006085930014310640050000100300500012060420056971007403580
541960270928070130600082409410039580050046013003001000060210005179650024085304700
045030900020018037700005412400169200051043876362000009590300081876051024010004695
010004695876051024590300081362000009051043876400169200700005412020018037045030900
085304700179650024060210005003001000050046013410039580600082409928070130541960270
007403580420056971500012060000100300310640050085930014904280006031070829072069145
200003700304052910170864035608397051501206370043180600060470820802609040437520160
437520160802609040060470820043180600501206370608397051170864035304052910200003700
480056132306400700720318040564123800207809650090067423108630097642075310000001500
231650084007004603040813027008321465056908702324760090790036801013570246005100000
061025734040906208028074060006081340073602105150793806530468071019250403007300002
007300002019250403530468071150793806073602105006081340028074060040906208061025734
005100000013570246790036801324760090056908702008321465040813027007004603231650084
000001500642075310108630097090067423207809650564123800720318040306400700480056132
002100509943570106070029480407900030200700900000342617020003001009216348381497005
381497005009216348020003001000342617200700900407900030070029480943570106002100509
300024090802000740190007032420379051910400270763200900030690415040103800581700069
090420003047000208230700091150973024072004019009002367514096030008301040960007185
500794183843612900100300020716243000009007002030009704084920070601075349905001200
905001200601075349084920070030009704009007002716243000100300020843612900500794183
960007185008301040514096030009002367072004019150973024230700091047000208090420003
581700069040103800030690415763200900910400270420379051190007032802000740300024090
506002304008046205270090186005009001600000007041028053900064708007001502182537469
182537469007001502900064708041028053600000007005009001270090186008046205506002304
109060205800400700270105086500000000306200940714809062457000123600500800928371654
502060901007004008680501072000000005049002603260908417321000754008005006456173829
964735281205100700807460009350820140700000006100900500681090072502640800403200605
403200605502640800681090072100900500700000006350820140807460009205100700964735281
456173829008005006321000754260908417049002603000000005680501072007004008502060901
928371654600500800457000123714809062306200940500000000270105086800400700109060205
042010970000020504075400608208090067057100040694270080501000890403961052060800400
060800400403961052501000890694270080057100040208090067075400608000020504042010970
045602000600950704031478502890210400060709021010000000408000659059846007020007840
000206540407059006205874130004012098120907060000000010956000804700648950048700020
004008060250169304098000105080072496040001750760090802806004570405020000079010240
079010240405020000806004570760090802040001750080072496098000105250169304004008060
048700020700648950956000804000000010120907060004012098205874130407059006000206540
020007840059846007408000659010000000060709021890210400031478502600950704045602000
107000032058300496390206001609700140015000200473190068032571000741860025506009007
506009007741860025032571000473190068015000200609700140390206001058300496107000032
570406301043710950612359087085107230067900000901000600000021040020604093750800162
103604075059017340780953216032701580000009760006000109040120000390406020261008057
700900605520068147000175230860091374002000510041007906100602093694003850230000701
230000701694003850100602093041007906002000510860091374000175230520068147700900605
261008057390406020040120000006000109000009760032701580780953216059017340103604075
750800162020604093000021040901000600067900000085107230612359087043710950570406301
000000090570003140100000005001050706067490301803001009024586910015900208390127060
390127060015900208024586910803001009067490301001050706100000005570003140000000090
300800150912060070054371000195040000208095000706100030029037010601000049080916500
051008003070060219000173450000040591000590802030001607010730920940000106005619080
060721093802009510019685420900100308103094760607050100500000001041300075090000000
090000000041300075500000001607050100103094760900100308019685420802009510060721093
005619080940000106010730920030001607000590802000040591000173450070060219051008003
080916500601000049029037010706100030208095000195040000054371000912060070300800150
030005600250963048460020000581304006972016000043057900700589014000070069894031207
894031207000070069700589014043057900972016000581304006460020000250963048030005600
807095420900478653400321000005003090378510260109764035200900006061000040794006080
024590708356874009000123004090300500062015873530467901600009002040000160080600497
702130498960070000410985007009750340000610279600403185000020064840369052006500030
006500030840369052000020064600403185000610279009750340410985007960070000702130498
080600497040000160600009002530467901062015873090300500000123004356874009024590708
794006080061000040200900006109764035378510260005003090400321000900478653807095420
060000500375806209140905073724030006950700134830654790000468321402003007013207405
013207405402003007000468321830654790950700134724030006140905073375806209060000500
040897130100352476320004050204670980006503000738400560403710025002930700571046390
031798040674253001050400023089076402000305600065004837520017304007039200093640175
504702310700300204123864000097456038431007059600030427370509041902608573005000060
005000060902608573370509041600030427431007059097456038123864000700300204504702310
093640175007039200520017304065004837000305600089076402050400023674253001031798040
571046390002930700403710025738400560006503000204670980320004050100352476040897130
100003000080910260369270154610400930400090682002030740047069010801702006956380400
956380400801702006047069010002030740400090682610400930369270154080910260100003000
980046301504001680617200900370004290806390710029000003400769120001483560060020400
103640089086100405009002716092400073017093608300000920021967004065384100004020060
004083659600207108010960740047030200286090004039004016451072963062019080000300001
000300001062019080451072963039004016286090004047030200010960740600207108004083659
004020060065384100021967004300000920017093608092400073009002716086100405103640089
060020400001483560400769120029000003806390710370004290617200900504001680980046301
203000054500276930071005860049050026105020490000140503007360200090781640410502387
410502387090781640007360200000140503105020490049050026071005860500276930203000054
400010052190004700007059103573100020086425070210000560362540890840092635700306004
250010004007400091301950700020001375070524680065000012098045263536290048400603007
783205014046187090002063700305041000094020501620050940068500170039672005450000302
450000302039672005068500170620050940094020501305041000002063700046187090783205014
400603007536290048098045263065000012070524680020001375301950700007400091250010004
700306004840092635362540890210000560086425070573100020007059103190004700400010052
090507203067410809005690010100000096008705000000940378042076981089000600610009705
610009705089000600042076981000940378008705000100000096005690010067410809090507203
600001000184000069092080570000970645007400910906050007769300082008709100501806093
000100006960000481075080290546079000019004700700050609280003967001907800390608105
507900016006000980189670240873049000000507800690000001010096500908014760302705090
302705090908014760010096500690000001000507800873049000189670240006000980507900016
390608105001907800280003967700050609019004700546079000075080290960000481000100006
501806093008709100769300082906050007007400910000970645092080570184000069600001000
340020108050300970096107253509430680600571439730689000470200800065000742281054300
281054300065000742470200800730689000600571439509430680096107253050300970340020108
204765003867300954150009600002654130500873002400910700378046291040038570020090308
300567402459003768006900051031456200200378005007019004192640873075830040803090020
003450182247000560008002074000986037934175006086034905352701690079003050801020043
801020043079003050352701690086034905934175006000986037008002074247000560003450182
803090020075830040192640873007019004200378005031456200006900051459003768300567402
020090308040038570378046291400910700500873002002654130150009600867300954204765003
264030015010000608005601247528076090601980702793050800030569104406310589100800020
100800020406310589030569104793050800601980702528076090005601247010000608264030015
140765002003902016060318504835090600016587003009006100051870260280009401094020785
200567041610209300405813060006090538300785610001600900062078150104900082587020490
020008001985013604401965030008050397207089106090670825742106500806000010510030462
510030462806000010742106500090670825207089106008050397401965030985013604020008001
587020490104900082062078150001600900300785610006090538405813060610209300200567041
094020785280009401051870260009006100016587003835090600060318504003902016140765002
209054070630000150080000629003145000706090412000726005460901587301570006875460031
875460031301570006460901587000726005706090412003145000080000629630000150209054070
834070062706000830510063009459701000670294005001605004005040610308010257167520900
260070438038000607900360015000107954500492076400506100016040500752010803009025761
130064578600075103785109064500627000214090607000541300926000080051000036070450902
070450902051000036926000080000541300214090607500627000785109064600075103130064578
009025761752010803016040500400506100500492076000107954900360015038000607260070438
167520900308010257005040610001605004670294005459701000510063009706000830834070062
004903700692745031073008469005070914801094376049600580006300147008007053400006208
400006208008007053006300147049600580801094376005070914073008469692745031004903700
400080060000400790086915324003600079000097040670040853201539407054871630837064910
060080004097004000423519680970006300040790000358040076704935102036178450019460738
802600004350700800741003600085006940673490108419070500964800370130547296007309400
007309400130547296964800370419070500673490108085006940741003600350700800802600004
019460738036178450704935102358040076040790000970006300423519680097004000060080004
837064910054871630201539407670040853000097040003600079086915324000400790400080060
403108760020570008700003095140030906090600400580900207015047020874200013200061074
200061074874200013015047020580900207090600400140030906700003095020570008403108760
280501704071894020045000003020960051604003070107000308000249007712000906430706580
407105082020498170300000540150069020070300406803000701700942000609000217085607034
470160002310002478020740510702009085004006090609030041590300007800075020067801304
067801304800075020590300007609030041004006090702009085020740510310002478470160002
085607034609000217700942000803000701070300406150069020300000540020498170407105082
430706580712000906000249007107000308604003070020960051045000003071894020280501704
216540809405928670970003524040000306890000457060074100129400703304090010680201940
680201940304090010129400703060074100890000457040000306970003524405928670216540809
631080942802694701049000056204000095090700024100400380907143568410050270003076409
249080136107496208650000940590000402420007090083004001865341709072050014904670300
049102086010090403307004921001470060754000098603000040425300079076829504908045612
908045612076829504425300079603000040754000098001470060307004921010090403049102086
904670300072050014865341709083004001420007090590000402650000940107496208249080136
003076409410050270907143568100400380090700024204000095049000056802694701631080942
900087431024006805801500090210865000000400100548010269090372580003050900700048300
700048300003050900090372580548010269000400100210865000801500090024006805900087431
700502809009401020030800140003048500457106008802005067395210084008600903000900051
908205007020104900041008030005840300800601754760500208480012593309006800150009000
003840007009050300085273090962010845001004000000568012090005108508600420134780009
134780009508600420090005108000568012001004000962010845085273090009050300003840007
150009000309006800480012593760500208800601754005840300041008030020104900908205007
000900051008600903395210084802005067457106008003048500030800140009401020700502809
390400802000020005802163400410200006060048210000310540934501008026904051185600000
185600000026904051934501008000310540060048210410200006802163400000020005390400802
109004803823061009564000200695302104000140620041080300000520408050410000018006052
308400901900160328002000465401203596026041000003080140804025000000014050250600810
000006581150409620800105439045013000012840060600002014004361208500020000208004093
208004093500020000004361208600002014012840060045013000800105439150409620000006581
250600810000014050804025000003080140026041000401203596002000465900160328308400901
018006052050410000000520408041080300000140620695302104564000200823061009109004803
500200009070943018090000620940006081020008900001409057307604002019850736286397145
286397145019850736307604002001409057020008900940006081090000620070943018500200009
203009005810024970697100000386400092950000040704986030170090600430508210562701089
500900302079420018000001796290004683040000059030689407006090071012805034980107265
541793682637058910200406703750904100009800020180600049026000090810349070900002005
900002005810349070026000090180600049009800020750904100200406703637058910541793682
980107265012805034006090071030689407040000059290004683000001796079420018500900302
562701089430508210170090600704986030950000040386400092697100000810024970203009005
908507026063001079001400538215670094084090017007104600002008065400356001806900700
806900700400356001002008065007104600084090017215670094001400538063001079908507026
840002009000081060602745138930106405050097000068400017700600500006019372015074896
900200048060180000831547206504601039000790050710004860005006007273910600698470510
007009608100653004560800200006401700710090480490076512835004100970100360620705809
620705809970100360835004100490076512710090480006401700560800200100653004007009608
698470510273910600005006007710004860000790050504601039831547206060180000900200048
015074896006019372700600500068400017050097000930106405602745138000081060840002009
162708005904025608805604000007000960500200830328006071203800190000160483681000250
681000250000160483203800190328006071500200830007000960805604000904025608162708005
602350891800200006103807542018020607060000020000600458241089060589736000030100085
198053206600002008245708301706020810020000060854006000060980142000637985580001030
052000186384061000091008302170600823038002005069000700000406508806520409500807261
500807261806520409000406508069000700038002005170600823091008302384061000052000186
580001030000637985060980142854006000020000060706020810245708301600002008198053206
030100085589736000241089060000600458060000020018020607103807542800200006602350891
186305900059408700007092105000023090390586071810009600040000850028900047760800219
760800219028900047040000850810009600390586071000023090007092105059408700186305900
700830001624190058080000796890050043000082900000963285208600179145079000970010500
100038007850091426697000080340050098009280000582369000971006802000970541005010079
912008067740009820058000040006900018170685093090320000501290700007804950009503681
009503681007804950501290700090320000170685093006900018058000040740009820912008067
005010079000970541971006802582369000009280000340050098697000080850091426100038007
970010500145079000208600179000963285000082900890050043080000796624190058700830001
067490300380000417140037006091004060630208591000906743000003874003002600070049032
070049032003002600000003874000906743630208591091004060140037006380000417067490300
000060130700039486030001007000920004400000309923684700068750043307496010204310670
031060000684930007700100030400029000903000004007486329340057860010694703076013402
230940070006200300478300000347609000195802036060400190600730041714000083003094760
003094760714000083600730041060400190195802036347609000478300000006200300230940070
076013402010694703340057860007486329903000004400029000700100030684930007031060000
204310670307496010068750043923684700400000309000920004030001007700039486000060130
163725000950460720704380600876000090492657308315290007530912000600540070200800135
200800135600540070530912000315290007492657308876000090704380600950460720163725000
265348791003197056000526403859260347041950862002070005100030670370009020500780000
197843562650791300304625000743062958268059140500070200076030001020900073000087005
531008002070045006000219035700092513803756294090000678006083407027064059000527361
000527361027064059006083407090000678803756294700092513000219035070045006531008002
000087005020900073076030001500070200268059140743062958304625000650791300197843562
500780000370009020100030670002070005041950862859260347000526403003197056265348791
014200508290856140785094200050030009009528001307040085902400803008009710136080954
136080954008009710902400803307040085009528001050030009785094200290856140014200508
109300720300005891682790504004050082800423950090080460978000215510800040403519008
027003901198500003405097286280050400059324008064080090512000879040008015800915304
459080631017900800308004209580040703100825900900030050002490587041658092805002410
805002410041658092002490587900030050100825900580040703308004209017900800459080631
800915304040008015512000879064080090059324008280050400405097286198500003027003901
403519008510800040978000215090080460800423950004050082682790504300005891109300720
750926043090018605368500029080060500530490006940802701009645010003200007025037960
025037960003200007009645010940802701530490006080060500368500029090018605750926043
000950307200438695539000800026840509304096012705200086900705060601000204070160953
703059000596834002008000935905048620210690403680002507060507009402000106359061070
069730520700002300010546900107208049600094035005060080920005863506810090340629057
340629057506810090920005863005060080600094035107208049010546900700002300069730520
359061070402000106060507009680002507210690403905048620008000935596834002703059000
070160953601000204900705060705200086304096012026840509539000800200438695000950307
415007003203051009870342615581039206900706301000000900690504137102903560007108090
007108090102903560690504137000000900900706301581039206870342615203051009415007003
016095824009008701720001035195070300000003450834069217051932600963000100007016593
428590610107800900530100027003070591054300000712960438006239150001000369395610700
090801700065309201731405096009000000103607009602930185516243078900150302300700514
300700514900150302516243078602930185103607009009000000731405096065309201090801700
395610700001000369006239150712960438054300000003070591530100027107800900428590610
007016593963000100051932600834069217000003450195070300720001035009008701016095824
090035000654280300081000000008000430523000869406893270002958046740020190869740023
869740023740020190002958046406893270523000869008000430081000000654280300090035000
870450060640020859902638140709800020425900083008300005010284030294763000306090000
060054078958020046041836209020008907380009524500003800030482010000367492000090603
320047968091020047640859200072398604968000325034000800000000180003082456000530090
000530090003082456000000180034000800968000325072398604640859200091020047320047968
000090603000367492030482010500003800380009524020008907041836209958020046060054078
306090000294763000010284030008300005425900083709800020902638140640020859870450060
582300740000090000903020065326040510001053926700206834005089271200005098098002450
098002450200005098005089271700206834001053926326040510903020065000090000582300740
020703905900002008805016302000200003008054290259630000402895007597321604081460500
509307020800200009203610508300002000092450800000036952700598204406123795005064180
054200890890500002172980500438602007629350100015040623560020309000090000047003285
047003285000090000560020309015040623629350100438602007172980500890500002054200890
005064180406123795700598204000036952092450800300002000203610508800200009509307020
081460500597321604402895007259630000008054290000200003805016302900002008020703905
000073100300265897070914630610042709280601000030750206096407050700189462408500900
408500900700189462096407050030750206280601000610042709070914630300265897000073100
470026030009381700806000000514760920080504167097012453940207681065000390020609070
030620074007183900000000608029067415761405080354210790186702049093000560070906020
009005804264981007050704690602057030000106082907240016036419070798562003001370000
001370000798562003036419070907240016000106082602057030050704690264981007009005804
070906020093000560186702049354210790761405080029067415000000608007183900030620074
020609070065000390940207681097012453080504167514760920806000000009381700470026030
007005309403720085008049210580200190904100000020503468042800030375906824069032500
069032500375906824042800030020503468904100000580200190008049210403720085007005309
030095040674208000952040837098512070300000420260300905580401203023609180040800059
040590030000802476738040259070215890024000003509003062302104085081906320950008040
005230960428609573030008240864305020000001409091002085012940800580027304903500700
903500700580027304012940800091002085000001409864305020030008240428609573005230960
950008040081906320302104085509003062024000003070215890738040259000802476040590030
040800059023609180580401203260300905300000420098512070952040837674208000030095040
215498670604023900937006420000800207000375189000060300760510834002987500058034702
058034702002987500760510834000060300000375189000800207937006420604023900215498670
007000962506000301820000745095038004381670029470050638758312496003080207204097000
269000700103000605547000028400830590920076183836050074694213857702080300000790402
207430850005789200438015067003060000981573000702008000024600739009320406076894512
076894512009320406024600739702008000981573000003060000438015067005789200207430850
000790402702080300694213857836050074920076183400830590547000028103000605269000700
204097000003080207758312496470050638381670029095038004820000745506000301007000962
103700090700120368006094072400083050008641009000572840941036087060817920287050013
287050013060817920941036087000572840008641009400083050006094072700120368103700090
209004071864000000701080603080560017513748920076213400090800030128405769307090280
170400902000000468306080107710065080029847315004312670030008090967504821082090703
310050782029718060780630149048275000900146800050380004270490600863021007090007301
090007301863021007270490600050380004900146800048275000780630149029718060310050782
082090703967504821030008090004312670029847315710065080306080107000000468170400902
307090280128405769090800030076213400513748920080560017701080603864000000209004071
400785020389040000072630001031028009957000238248000050794800610065012370123070095
123070095065012370794800610248000050957000238031028009072630001389040000400785020
107290034269453780354871290008000607710002348020008005036020000971530002500089100
430092701087354962092178453706000800843200017500800020000020630200035179001980005
590070321073210560016008497050000842832000759900820130100036270000040983020587004
020587004000040983100036270900820130832000759050000842016008497073210560590070321
001980005200035179000020630500800020843200017706000800092178453087354962430092701
500089100971530002036020000020008005710002348008000607354871290269453780107290034
340000210529610003600083095100036900073008004460700508200860347706102009094057021
094057021706102009200860347460700508073008004100036900600083095529610003340000210
072401653900670024460030090018700060506003810720086300003509002204000901197840530
356104270420076009090030064060007810018300605003680027200905300109000402035048791
120750490900201607743068002805007064400800370009630001590380006300016925012000043
012000043300016925590380006009630001400800370805007064743068002900201607120750490
035048791109000402200905300003680027018300605060007810090030064420076009356104270
197840530204000901003509002720086300506003810018700060460030090900670024072401653
310000285082063917590810034001430802008000740004280503073100429005020000029048050
029048050005020000073100429004280503008000740001430802590810034082063917310000285
000000503207000981953481020001204800420803160800000030004578092502040318009302475
305000000189000702020184359008402100061308024030000008290875400813040205574203900
050840920000020500924001370305082400047000800208034100430018095719360280582000013
582000013719360280430018095208034100047000800305082400924001370000020500050840920
574203900813040205290875400030000008061308024008402100020184359189000702305000000
009302475502040318004578092800000030420803160001204800953481020207000981000000503
000050879725048361900300425450612987870000206260080510580476093300100058100800700
100800700300100058580476093260080510870000206450612987900300425725048361000050879
135284970008675020000000050814006300007801045006002080700529438059108267083067519
079482531020576800050000000003600418540108700080200600834925007762801950915760380
007008001850001003390674085015080062602000078789216054524003009163840527978050000
978050000163840527524003009789216054602000078015080062390674085850001003007008001
915760380762801950834925007080200600540108700003600418050000000020576800079482531
083067519059108267700529438006002080007801045814006300000000050008675020135284970
016430800798250340000781650065040700007360190900108564359000000040027935070093006
070093006040027935359000000900108564007360190065040700000781650798250340016430800
003900070745006091009075086000130724920064853370800100090517638030690540650400000
070009300190600547680570900427031000358460029001008073836715090045096030000004056
600390070539720040000000953465801009091063700007040560056187000043052897008034610
008034610043052897056187000007040560091063700465801009000000953539720040600390070
000004056045096030836715090001008073358460029427031000680570900190600547070009300
650400000030690540090517638370800100920064853000130724009075086745006091003900070
287054639513000024964200000052000006600301070370695002805079003401062907000800005
000800005401062907805079003370695002600301070052000006964200000513000024287054639
048360952000705618015002437800630200067900005029510004090000006000070023573206049
259063840816507000734200510002036008500009760400015920600000090320070000940602375
500008000709260104300970508200596073070103006600000250000002469420000315936450782
936450782420000315000002469600000250070103006200596073300970508709260104500008000
940602375320070000600000090400015920500009760002036008734200510816507000259063840
573206049000070023090000006029510004067900005800630200015002437000705618048360952
600537891050190007190062403730610904200070506061000738500200009409050302023041675
023041675409050302500200009061000738200070506730610904190062403050190007600537891
045027106200603950390100000002006015450071693100000207630759408700300009529864371
601720540059306002000001093510600200396170054702000001804957036900003007173468925
576140320203050904900002005837000160605070002409016037304260091700091050198735006
198735006700091050304260091409016037605070002837000160900002005203050904576140320
173468925900003007804957036702000001396170054510600200000001093059306002601720540
529864371700300009630759408100000207450071693002006015390100000200603950045027106
007601009109504008380709000018902605600053407030076080806095124520060090040210706
040210706520060090806095124030076080600053407018902605380709000109504008007601009
058060310420301800006008097200009756169750000005632941701046000092800000604075089
013060850008103024790800600657900002000057961149236500000640107000008290980570406
607012040090060025421590608080670030704350006506209810000907083800405901900106700
900106700800405901000907083506209810704350006080670030421590608090060025607012040
980570406000008290000640107149236500000057961657900002790800600008103024013060850
604075089092800000701046000005632941169750000200009756006008097420301800058060310
900200048000064927047030100674315089801940703390082416402600801700500634100470590
100470590700500634402600801390082416801940703674315089047030100000064927900200048
174386009000907400002014700456093002700841360000205040568470190930108024041639078
900683471004709000007410200200390654063148007040502000091074865420801039870936140
095074001436005007108006204614280093307049108980513476001030740729460000840002009
840002009729460000001030740980513476307049108614280093108006204436005007095074001
870936140420801039091074865040502000063148007200390654007410200004709000900683471
041639078930108024568470190000205040700841360456093002002014700000907400174386009
056034100790008326300620000038002510020413800167890030900570084000389701070041603
070041603000389701900570084167890030020413800038002510300620000790008326056034100
009100370700623095000708006035840600487910203190032084670085031008301020314000060
073001900590326007600807000006048530302019784480230091130580076020103800060000413
306140070107983000480075009030098761008314020015200830000026003623800097001430650
001430650623800097000026003015200830008314020030098761480075009107983000306140070
060000413020103800130580076480230091302019784006048530600807000590326007073001900
314000060008301020670085031190032084487910203035840600000708006700623095009100370
630200570000769380900051200160007405309006708752004063090002654006005037074003100
074003100006005037090002654752004063309006708160007405900051200000769380630200570
000731906709506003460290000000000072000000560352467190106074235035600087074385000
609137000300605907000092064270000000065000000091764253532470601780006530000583470
001300470730500600456200090360400257807600903504700061002150009083967000075002036
075002036083967000002150009504700061807600903360400257456200090730500600001300470
000583470780006530532470601091764253065000000270000000000092064300605907609137000
074385000035600087106074235352467190000000560000000072460290000709506003000731906
305170062000480539002653074450910207020507090769230010030804020080020356206090748
206090748080020356030804020769230010020507090450910207002653074000480539305170062
200704003083625000600900205008259641920301587004070300730002050452190736860007492
300407002000526380502009006146952800785103029003070400050200037637091254294700068
847090602653020080020408030010032967090705020702019054470356200935084000260071503
260071503935084000470356200702019054090705020010032967020408030653020080847090602
294700068637091254050200037003070400785103029146952800502009006000526380300407002
860007492452190736730002050004070300920301587008259641600900205083625000200704003
378000200250709846694080073040053690936020010105970030060495300580000064400360705
400360705580000064060495300105970030936020010040053690694080073250709846378000200
450190623086034957000560408304900070609725800005003090703006082060319740540000360
326091054759430680804065000070009403008527906090300500280600307047913060063000045
507063004460000085003594060030079501010020639096350040370080496648907052002000873
002000873648907052370080496096350040010020639030079501003594060460000085507063004
063000045047913060280600307090300500008527906070009403804065000759430680326091054
540000360060319740703006082005003090609725800304900070000560408086034957450190623
096205180138060500004318907050072039060080471307190602000750248079006005000831000
000831000079006005000750248307190602060080471050072039004318907138060500096205180
000300010070065039090700486807100302305987160160002805002640951004073008058219700
010003000930560070684007090203001708061789503508200061159046200800370400007912850
000138000500600970842057000206091703174080060930270050709813400005060831081502690
081502690005060831709813400930270050174080060206091703842057000500600970000138000
007912850800370400159046200508200061061789503203001708684007090930560070010003000
058219700004073008002640951160002805305987160807100302090700486070065039000300010
190005602056308710007096003908563400700809351504207096875901064000780100321004008
321004008000780100875901064504207096700809351908563400007096003056308710190005602
308579001207000059105408760079285030080006900401793685010034076006950010804610302
100975803950000702067804501030582970009600080586397104670430010010059600203016408
800400123001087000460109578690702405153908007004365809300690700017803650206500091
206500091017803650300690700004365809153908007690702405460109578001087000800400123
203016408010059600670430010586397104009600080030582970067804501950000702100975803
804610302006950010010034076401793685080006900079285030105408760207000059308579001
850670390060000500179003024028701059710000062040060003096407238030208010280390000
280390000030208010096407238040060003710000062028701059179003024060000500850670390
200070108839412765006008900324007006900600007087001300002000053013065209008329400
801070002567214938009800600600700423700006009003100780350000200902560310004923800
000093082010802030832704690300060040260000017950107820420300971005000060093076058
093076058005000060420300971950107820260000017300060040832704690010802030000093082
004923800902560310350000200003100780700006009600700423009800600567214938801070002
008329400013065209002000053087001300900600007324007006006008900839412765200070108
038000600659703240102000080020800190091000768876931520004200006583610402007308010
007308010583610402004200006876931520091000768020800190102000080659703240038000600
050800160080792053734610298362908070010300000800100030040571026100269840026080000
061008050350297080892016437070809263000003010030001008620175040048962001000080620
010803700204016385600002400025139678867000190091008020080000201042307956006000830
006000830042307956080000201091008020867000190025139678600002400204016385010803700
000080620048962001620175040030001008000003010070809263892016437350297080061008050
026080000100269840040571026800100030010300000362908070734610298080792053050800160
105008000004350000829000534560090000492007000380104095003081470048975316010402958
010402958048975316003081470380104095492007000560090000829000534004350000105008000
000345801140896200083020945490100030078009050251470008934000500517900300860500400
108543000002698041549020380030001094050900870800074152005000439003009715004005068
859204010613579840074180300590401083000700294000090065435000928000053400000800501
000800501000053400435000928000090065000700294590401083074180300613579840859204010
004005068003009715005000439800074152050900870030001094549020380002698041108543000
860500400517900300934000500251470008078009050490100030083020945140896200000345801
762081000195704803384902170508600049600005718920010630859103007076000301431006082
431006082076000301859103007920010630600005718508600049384902170195704803762081000
408965317375200896169008452001006970000100008603050241030670180800314700217089030
713569804698002573254800961079600100800001000142050306081076030007413008030980712
280600134103000670700301958036010029817500006940006805071209483308407591000180267
000180267308407591071209483940006805817500006036010029700301958103000670280600134
030980712007413008081076030142050306800001000079600100254800961698002573713569804
217089030800314700030670180603050241000100008001006970169008452375200896408965317
285907400613520000097008230800345670749681000530079140060013080100000760000450001
000450001100000760060013080530079140749681000800345670097008230613520000285907400
010578062006340918000090735400063059501784020003915807070106204068407300100000000
260875010819043600537090000950360004020487105708519300402601070003704860000000001
100054000067000001080310060041970035000186947076543008032800790000025316004709582
004709582000025316032800790076543008000186947041970035080310060067000001100054000
000000001003704860402601070708519300020487105950360004537090000819043600260875010
100000000068407300070106204003915807501784020400063059000090735006340918010578062
360400209280300001090162053008906740906000318503081006050003694010600007630090002
630090002010600007050003694503081006906000318008906740090162053280300001360400209
600590023315000986000368000060009134900800600003106200006037002009014500274680319
320095006689000513000863000431900060006008009002601300200730600005410900913086472
200090036700006010496300050600180305813000609047609800350261090100003082902004063
902004063100003082350261090047609800813000609600180305496300050700006010200090036
913086472005410900200730600002601300006008009431900060000863000689000513320095006
274680319009014500006037002003106200900800600060009134000368000315000986600590023
000085209500960803690230750001003620302604980070052040060109070209578436780046192
780046192209578436060109070070052040302604980001003620690230750500960803000085209
720030650806700900090021000051060290470500368689243005140096782937482500260000039
056030027009007608000120090092060150863005074500342986287690041005284739930000062
291640087634875902070901060040250070089406203026300100057032096308069005902580000
902580000308069005057032096026300100089406203040250070070901060634875902291640087
930000062005284739287690041500342986863005074092060150000120090009007608056030027
260000039937482500140096782689243005470500368051060290090021000806700900720030650
236490517458170300907002800705620480003047000000000073080031000542000036000504290
000504290542000036080031000000000073003047000705620480907002800458170300236490517
050007942048000053020035786500006014003042079401070200200004835930708001060300007
249700050350000840687530020410600005970240300002070104538400002100807039700003060
092405000630000245000130080370000000000740300084026507008200709003071854715094632
715094632003071854008200709084026507000740300370000000000130080630000245092405000
700003060100807039538400002002070104970240300410600005687530020350000840249700050
060300007930708001200004835401070200003042079500006014020035786048000053050007942
000240789870391506940806002036400801204009065500003200009030058053920607607000903
607000903053920607009030058500003200204009065036400801940806002870391506000240789
600520980050003470739046000090004832023000094000390610960208057005060008378051269
089025006074300050000640937238400090490000320016093000750802069800060500962150873
309000706706029350850030900002300005560900402108004630200608049605193078987042000
987042000605193078200608049108004630560900402002300005850030900706029350309000706
962150873800060500750802069016093000490000320238400090000640937074300050089025006
378051269005060008960208057000390610023000094090004832739046000050003470600520980
006385071735902064821007003009000632273006040600500000160204009052800416004601005
004601005052800416160204009600500000273006040009000632821007003735902064006385071
001620870056070230420039156682500093000000008104060725040006000010043067569002341
078026100032070650651930024390005286800000000527060401000600040760340010143200965
500106400614008250900402061000005006040600372236000900300700128460209537170583600
170583600460209537300700128236000900040600372000005006900402061614008250500106400
143200965760340010000600040527060401800000000390005286651930024032070650078026100
569002341010043067040006000104060725000000008682500093420039156056070230001620870
054067091680590340291034760800000057030005009760080200520043018000918500918652473
918652473000918500520043018760080200030005009800000057291034760680590340054067091
905708260102630985800000104690000050514800396283050407450200730701005649308097001
062807509589036201401000008050000096693008415704050382037002054946500107100790803
374256819005819000810340025002080067900500030750000008067430192043095086190760450
190760450043095086067430192750000008900500030002080067810340025005819000374256819
100790803946500107037002054704050382693008415050000096401000008589036201062807509
308097001701005649450200730283050407514800396690000050800000104102630985905708260
219075648300000005005200300001050003490100500506483020040500012150862930932010806
932010806150862930040500012506483020490100500001050003005200300300000005219075648
910540032354090001200601509085410200160805007020300005890050306031200004602003058
230045019100090453905106002002014580700508061500003020603050098400002130850300206
608010239039268051210005040020384605005001094300050100003002500500000003846570912
846570912500000003003002500300050100005001094020384605210005040039268051608010239
850300206400002130603050098500003020700508061002014580905106002100090453230045019
602003058031200004890050306020300005160805007085410200200601509354090001910540032
903000018248051076601980035019700652000516000067492083320040800180670000700000060
700000060180670000320040800067492083000516000019700652601980035248051076903000018
713000629082601040000709183060457900074910850000260010008006000600805371000302568
926000317040106280381907000009754060058019470010062000000600800173508006865203000
060000007000076081008040023380294760000615000256007910530089106670150842810000309
810000309670150842530089106256007910000615000380294760008040023000076081060000007
865203000173508006000600800010062000058019470009754060381907000040106280926000317
000302568600805371008006000000260010074910850060457900000709183082601040713000629
600008240240037081813602795060000000000720036030496857001260379500370028000010560
000010560500370028001260379030496857000720036060000000813602795240037081600008240
050000826000306140001000300032470600176920030000600278503800702627530984089760510
628000050041603000003000100006074230030029671872006000207008305489035726015067980
065010000820073005973062100758694030630027000000000060597206318180730042042800006
042800006180730042597206318000000060630027000758694030973062100820073005065010000
015067980489035726207008305872006000030029671006074230003000100041603000628000050
089760510627530984503800702000600278176920030032470600001000300000306140050000826
130008620800079043475300801300867002000510004518042376943000705050000008702030019
702030019050000008943000705518042376000510004300867002475300801800079043130008620
709503481054100703203800500000058300300416070000207098007300806100700042985642130
184305907307001450005008302003850000070614003890702000608003700240007001031246589
910030207800000050507000349673240815400015000200768003108003574340970008026800031
026800031340970008108003574200768003400015000673240815507000349800000050910030207
031246589240007001608003700890702000070614003003850000005008302307001450184305907
985642130100700042007300806000207098300416070000058300203800500054100703709503481
005317048879050006100006720300900000281003000500100004050642801060501090402780560
402780560060501090050642801500100004281003000300900000100006720879050006005317048
400523180065080070200010095756109003804000051012030607508000700690000204001400068
081325004070080560590010002300901657150000408706030210007000805402000096860004100
065087204090105060108246050400001005000300182000009003027600001600050978840713500
840713500600050978027600001000009003000300182400001005108246050090105060065087204
860004100402000096007000805706030210150000408300901657590010002070080560081325004
001400068690000204508000700012030607804000051756109003200010095065080070400523180
801200009000400018096183402750000000623801700019765283002508040080604900164329057
164329057080604900002508040019765283623801700750000000096183402000400018801200009
100067008680125900402930601365780142200600800948510300090270400504800010700300289
800760001009521086106039204241087563008006002003015849004072090010008405982003007
750923461009406080040805200382567910007108326000000057204381690810004000900002108
900002108810004000204381690000000057007108326382567910040805200009406080750923461
982003007010008405004072090003015849008006002241087563106039204009521086800760001
700300289504800010090270400948510300200600800365780142402930601680125900100067008
001305620290000080650481000536809700029017836078026005710002040002060000000000160
000000160002060000710002040078026005029017836536809700650481000290000080001305620
007005620001723590020896001000008403060210800002679105100087006604030082000560000
026500700095327100100698020304800000008012060501976200600780001280030406000065000
061000000000060200040200017500620870638710920007908635000184056080000092026503100
026503100080000092000184056007908635638710920500620870040200017000060200061000000
000065000280030406600780001501976200008012060304800000100698020095327100026500700
000560000604030082100087006002679105060210800000008403020896001001723590007005620
100400050094205080000080019002504000389701520007328090476052008001876200805140960
805140960001876200476052008007328090389701520002504000000080019094205080100400050
804030001007080090516792040180375024475200800062814050920050000600920185008000900
100030408090080700040297615420573081008002574050418260000050029581029006009000800
069041508002678100800250674090823700025107983000405200910080000080502490050004001
050004001080502490910080000000405200025107983090823700800250674002678100069041508
009000800581029006000050029050418260008002574420573081040297615090080700100030408
008000900600920185920050000062814050475200800180375024516792040007080090804030001
500023047040605900920700680380057291090000768170069054030514072057098010804270509
804270509057098010030514072170069054090000768380057291920700680040605900500023047
800103905053798240470000000205000760791605002084907053500072690017569804902481007
509301008042897350000000074067000502200506197350709480096270005408965710700184209
905072408010890750270415030450960071867000090192750083086007029009506040740320005
740320005009506040086007029192750083867000090450960071270415030010890750905072408
700184209408965710096270005350709480200506197067000502000000074042897350509301008
902481007017569804500072690084907053791605002205000760470000000053798240800103905
930005400587046903001308527070003654426950370800760000304502760200400039010039040
010039040200400039304502760800760000426950370070003654001308527587046903930005400
023840059100027083004060170045790300300650040902003865007036594436075200090004730
950048320380720001071060400003097540040056003568300209495630700002570634037400090
040930010930004002067205403000067008073059624456300070725803100309640785004500039
004500039309640785725803100456300070073059624000067008067205403930004002040930010
037400090002570634495630700568300209040056003003097540071060400380720001950048320
090004730436075200007036594902003865300650040045790300004060170100027083023840059
