050204090000185624480600175201007403000320010807001952005000240700090800600042000
600042000700090800005000240807001952000320010201007403480600175000185624050204090
670802400000000805005701000000030612490020080200107054082904160004510729000203540
004208076508000000000107500216030000080020094450701002061409280927015400045302000
000240006008090007042000500259100708010023000304700102571006084426581000090402050
090402050426581000571006084304700102010023000259100708042000500008090007000240006
045302000927015400061409280450701002080020094216030000000107500508000000004208076
000203540004510729082904160200107054490020080000030612005701000000000805670802400
000580079050270000000043520300090600902650307067401000071360080080900040400820061
400820061080900040071360080067401000902650307300090600000043520050270000000580079
400093000087600050001720000893460025206059478000100300000036500648000207100070009
000390004050006780000027100520064398874950602003001000005630000702000846900070001
160028004040009080080063170000104760703056209006090003025340000000072050970085000
970085000000072050025340000006090003703056209000104760080063170040009080160028004
900070001702000846005630000003001000874950602520064398000027100050006780000390004
100070009648000207000036500000100300206059478893460025001720000087600050400093000
600080040094700500020304801210070900006000013700130060002090150065048000080500004
080500004065048000002090150700130060006000013210070900020304801094700500600080040
000702006860001290052060040500100370049307008080000400001009850005610004400030100
600207000092100068040060250073001005800703940004000080058900100400016500001030004
400005080000840560051090200060031007310000600009070012108403020005007490040080006
040080006005007490108403020009070012310000600060031007051090200000840560400005080
001030004400016500058900100004000080800703940073001005040060250092100068600207000
400030100005610004001009850080000400049307008500100370052060040860001290000702006
800500007020000000405716308003060000702194005100000080030080079000000862670052410
670052410000000862030080079100000080702194005003060000405716308020000000800500007
600170408703000020000023500000010705508096100200040600480000300167800000029050807
804071006020000307005320000507010000001690805006040002003000084000008761708050920
014250076268000000970080030080000001500491207000060300803617504000000020700005008
700005008000000020803617504000060300500491207080000001970080030268000000014250076
708050920000008761003000084006040002001690805507010000005320000020000307804071006
029050807167800000480000300200040600508096100000010705000023500703000020600170408
760003040002061305300200106073002008900070001210800754000520019020000507050080423
050080423020000507000520019210800754900070001073002008300200106002061305760003040
000290307520107006000003020005800200802070060000002013450700130201500004379418650
703092000600701025020300000002008500060070208310200000031007054400005102056814973
324080050705000020910025000457008012100070009800200370601002003503160200040300067
040300067503160200601002003800200370100070009457008012910025000705000020324080050
056814973400005102031007054310200000060070208002008500020300000600701025703092000
379418650201500004450700130000002013802070060005800200000003020520107006000290307
005007030193200560700309000062010090950600800300495020004970008510006074070542013
070542013510006074004970008300495020950600800062010090700309000193200560005007030
050390710710056090004002035509460320407901000260500907000080050170209063348000000
017093050090650017530200400023064905000109704709005062050080000360902071000000843
310245070470600015800079400020594003008006059090010260000903007065002391030700500
030700500065002391000903007090010260008006059020594003800079400470600015310245070
000000843360902071050080000709005062000109704023064905530200400090650017017093050
348000000170209063000080050260500907407901000509460320004002035710056090050390710
005960087780403006904070003600124309259038001013705000091000000020519074040080910
040080910020519074091000000013705000259038001600124309904070003780403006005960087
000026970429150080001390405050701049810032706090584030900003000170000008040019367
079620000080051924504093100940107050607230018030485090000300009800000071763910040
019080040470915020000000190000507310100830952903421006300070409600304087780069500
780069500600304087300070409903421006100830952000507310000000190470915020019080040
763910040800000071000300009030485090607230018940107050504093100080051924079620000
040019367170000008900003000090584030810032706050701049001390405429150080000026970
900208003204610005003597001100000007038050092702809000500000210000100049390480506
390480506000100049500000210702809000038050092100000007003597001204610005900208003
305701029900030000000280340410800562800050910000900708502000000041090000690027153
920107503000030009043082000265008014019050008807009000000000205000090140351720096
605084093940001000012000005000908207290050830700000001100795300500016402300802009
300802009500016402100795300700000001290050830000908207012000005940001000605084093
351720096000090140000000205807009000019050008265008014043082000000030009920107503
690027153041090000502000000000900708800050910410800562000280340900030000305701029
230169000800700500094250036000020090107080260900001000020807310400003002001000040
001000040400003002020807310900001000107080260000020090094250036800700500230169000
040910082002000903100070400008000271000082506037100009003020050401069300020000600
280019040309000200004070001172000800605280000900001730050020300003960104006000020
040000100200300004013708020000100009062080701090020000630052490005007008000961032
000961032005007008630052490090020000062080701000100009013708020200300004040000100
006000020003960104050020300900001730605280000172000800004070001309000200280019040
020000600401069300003020050037100009000082506008000271100070400002000903040910082
080007003090000000020068509300542060042710000756903012961030850000600394000009620
000009620000600394961030850756903012042710000300542060020068509090000000080007003
009703000006540298001620000060975000003014600900302807638000500295106000040200903
000307900892045600000026100000579060006410300708203009005000836000601592309002040
026900000493006000058030169210309657000017240060245003905860020000000090300700080
300700080000000090905860020060245003000017240210309657058030169493006000026900000
309002040000601592005000836708203009006410300000579060000026100892045600000307900
040200903295106000638000500900302807003014600060975000001620000006540298009703000
008620040500000690041000500103904060279860400000072810095008000002000004000197005
000197005002000004095008000000072810279860400103904060041000500500000690008620040
000021050009070400025093108100089006900760002708204000000840560000106094540000000
050120000004070900801390520600980001200067009000402807065048000490601000000000045
500791000400000200000800590018270000004068972060409301005000140096000005040026800
040026800096000005005000140060409301004068972018270000000800590400000200500791000
000000045490601000065048000000402807200067009600980001801390520004070900050120000
540000000000106094000840560708204000900760002100089006025093108009070400000021050
125390060309080701706514003050000670001200005030450080500003290290108040004000300
004000300290108040500003290030450080001200005050000670706514003309080701125390060
025000731090305002400010695010420503000500189083000400302006070049807006000050310
137000520200503090596010004305024010981005000004000380070600203600708940013050000
003000400040801092092300005080054030500002100076000050300415607107080903060093521
060093521107080903300415607076000050500002100080054030092300005040801092003000400
013050000600708940070600203004000380981005000305024010596010004200503090137000520
000050310049807006302006070083000400000500189010420503400010695090305002025000731
100805370000071008890463520230000000071602830000300002009026403000580209008100005
008100005000580209009026403000300002071602830230000000890463520000071008100805370
000002801000073900809010000150360408082000670006020315024080503000030207593200080
108200000009370000000010908804063051076000280513020600305080420702030000080002395
500001800902085000304620900200003000038206170000000032025364098800170000073508001
073508001800170000025364098000000032038206170200003000304620900902085000500001800
080002395702030000305080420513020600076000280804063051000010908009370000108200000
593200080000030207024080503006020315082000670150360408809010000000073900000002801
402003001050900700608001003005360029340780600286050007960035000000800040020097300
020097300000800040960035000286050007340780600005360029608001003050900700402003001
009230604206840050000605802080073090903586000705000103300060070040002000000709301
406032900050048602208506000090370080000685309301000507070060003000200040103907000
003790020040008000000530069700050682006087043920063500300100806007009050100300204
100300204007009050300100806920063500006087043700050682000530069040008000003790020
103907000000200040070060003301000507000685309090370080208506000050048602406032900
000709301040002000300060070705000103903586000080073090000605802206840050009230604
634705000109026500000048960000003002063802095500000806016450300908601007375000000
375000000908601007016450300500000806063802095000003002000048960109026500634705000
390500016701060003586030094064080007005000420010023865003800950000090600070652000
610005093300060107490030685700080460024000500568320010059008300006090000000256070
000000573700106809003054610608000005590208360200300000069840000005620901000507436
000507436005620901069840000200300000590208360608000005003054610700106809000000573
000256070006090000059008300568320010024000500700080460490030685300060107610005093
070652000000090600003800950010023865005000420064080007586030094701060003390500016
070000030030074010000300005109040000080027390053100042945200687360000100217068050
217068050360000100945200687053100042080027390109040000000300005030074010070000030
239001000164580037705309000002100300600024070800070040016030000508490013007200500
000100932730085461000903507003001200070420006040070008000030610310094805005002700
050860712001000063786002549240001350093720080000040901500003000010470030030000070
030000070010470030500003000000040901093720080240001350786002549001000063050860712
005002700310094805000030610040070008070420006003001200000903507730085461000100932
007200500508490013016030000800070040600024070002100300705309000164580037239001000
004960200090078436000023510000004092000000054200590070860701003410380700720609840
720609840410380700860701003200590070000000054000004092000023510090078436004960200
748200000216000090000000004637500009080900276901004380870000542400759130003042060
000002847090000612400000000900005736672009080083400109245000078031957004060240300
048906027007083014300107068070095002450000000290400000015320000634870090002069400
002069400634870090015320000290400000450000000070095002300107068007083014048906027
060240300031957004245000078083400109672009080900005736400000000090000612000002847
003042060400759130870000542901004380080900276637500009000000004216000090748200000
060400300240900000390068102670000400010036970900000036000300020006004719020079800
020079800006004719000300020900000036010036970670000400390068102240900000060400300
000906320200017946060000000003000094700030600940060800870094103012370000090600200
023609000649710002000000060490000300006030007008060049301490078000073210002006090
008970020917400600020003000630000009079630010004000076201860093000009042003004060
003004060000009042201860093004000076079630010630000009020003000917400600008970020
002006090000073210301490078008060049006030007490000300000000060649710002023609000
090600200012370000870094103940060800700030600003000094060000000200017946000906320
050120060016807025070000180000080240000001006709060001200008070000000938040073612
040073612000000938200008070709060001000001006000080240070000180016807025050120060
002700000400000715000900060000000081700608002308010070690002100137004826280160050
000007200517000004060009000180000000200806007070010803001200096628400731050061082
216370040839000000070800002100060907600100000042080000081000070520708610060021050
060021050520708610081000070042080000600100000100060907070800002839000000216370040
050061082628400731001200096070010803200806007180000000060009000517000004000007200
280160050137004826690002100308010070700608002000000081000900060400000715002700000
010000008708014250005608170050072000000105003360480705503700004190040060026000087
026000087190040060503700004360480705000105003050072000005608170708014250010000008
015300070290605001603000580007410600040807010000052840000700120860000750704530008
070003510100506092085000306006014700010708040048250000021007000057000068800035407
780000620060040091400007305507084063300501000000270050071806500052410807800000010
800000010052410807071806500000270050300501000507084063400007305060040091780000620
800035407057000068021007000048250000010708040006014700085000306100506092070003510
704530008860000750000700120000052840040807010007410600603000580290605001015300070
600503800002009000008120400105080204200004058080235061004000002006701500007400100
007400100006701500004000002080235061200004058105080204008120400002009000600503800
000021006000800000764005820470200105000308200010540093150002408000650000002184000
600120000000008000028500467501002074002803000390045010804200051000056000000481200
001004700005107600200000400160532080850400002402080501004021800000900200008305006
008305006000900200004021800402080501850400002160532080200000400005107600001004700
000481200000056000804200051390045010002803000501002074028500467000008000600120000
002184000000650000150002408010540093000308200470200105764005820000800000000021006
000001507000090010168020000087430020005000704006078905700056309604000208050003076
050003076604000208700056309006078905005000704087430020168020000000090010000001507
067000100500008600040657800000004000005703290306800001023970005700002010689540007
001000760006800005008756040000400000092307500100008603500079320010200007700045986
670300050802000406903650007509870600407000500020034780000020861010090000705100000
705100000010090000000020861020034780407000500509870600903650007802000406670300050
700045986010200007500079320100008603092307500000400000008756040006800005001000760
689540007700002010023970005306800001005703290000004000040657800500008600067000100
600002500007003010003900806026500000900008000380700000062349050409001062001260409
001260409409001062062349050380700000900008000026500000003900806007003010600002500
040390006006802000192006370203705900604000000019080032400000805065000010920000600
600093040000208600073600291009507302000000406230080910508000004010000560006000029
904062100260100904050943260000007083000800009000005620608009300010300700005200006
005200006010300700608009300000005620000800009000007083050943260260100904904062100
006000029010000560508000004230080910000000406009507302073600291000208600600093040
920000600065000010400000805019080032604000000203705900192006370006802000040390006
000000580070300046062004907600008000517092800308000409040200058206900074000645300
000645300206900074040200058308000409517092800600008000062004907070300046000000580
020356000004010670060870200692000030400090000500028400300480905075000048048900760
000653020076010400002078060030000296000090004004820005509084003840000570067009840
003546000470009602850002040904000803008290715000800006709400260640003070085000000
085000000640003070709400260000800006008290715904000803850002040470009602003546000
067009840840000570509084003004820005000090004030000296002078060076010400000653020
048900760075000048300480905500028400400090000692000030060870200004010670020356000
507000004381600020040108036490000150030004002000016040600890075804561200903000080
903000080804561200600890075000016040030004002490000150040108036381600020507000004
986004035000039480340000017058000160069100000010640800020001000807405320005020604
530400689084930000710000043061000850000001960008046010000100020023504708406020500
080000309002165408570098006040610000200400030051000094630801040020006183400000705
400000705020006183630801040051000094200400030040610000570098006002165408080000309
406020500023504708000100020008046010000001960061000850710000043084930000530400689
005020604807405320020001000010640800069100000058000160340000017000039480986004035
008067934010400050009003107086030495350206871000050002800040010195072600000600520
000600520195072600800040010000050002350206871086030495009003107010400050008067934
018030000090058010050006908600020040074503006020060307560084109201079053000215704
000030810010850090809600050040020006600305470703060020901480065350970102407512000
025006000006270591010040008200050000178602053594030680701300900050004010439760800
439760800050004010701300900594030680178602053200050000010040008006270591025006000
407512000350970102901480065703060020600305470040020006809600050010850090000030810
000215704201079053560084109020060307074503006600020040050006908090058010018030000
430005169200003070000481050070208016050300000860519720001630090009807041586094007
586094007009807041001630090860519720050300000070208016000481050200003070430005169
500800024800657003691000000086532400903100800470908135000700001049201576710006009
420008005300756008000000196004235680008001309531809074100007000675102940900600017
700490685140708900090036100027915068000003050610802070050184000070300002961500034
961500034070300002050184000610802070000003050027915068090036100140708900700490685
900600017675102940100007000531809074008001309004235680000000196300756008420008005
710006009049201576000700001470908135903100800086532400691000000800657003500800024
030905000104030952700000068479600235000000600000340089017400590543009800900050710
900050710543009800017400590000340089000000600479600235700000068104030952030905000
950004710041007003037009040004306009500400030090000005785062090109803650000905820
017400059300700140040900730900603400030004005500000090090260587056308901028509000
017050009008900345095004710980043000006000000532006974860000007259030401000509030
000509030259030401860000007532006974006000000980043000095004710008900345017050009
028509000056308901090260587500000090030004005900603400040900730300700140017400059
000905820109803650785062090090000005500400030004306009037009040041007003950004710
060389050035704016700560304308000470000000108509010200070003829000048637000002540
000002540000048637070003829509010200000000108308000470700560304035704016060389050
000503700007000036000908050000000573040100608283000049568214300432007015079080460
007305000630000700050809000375000000806001040940000382003412865510700234064080970
045200000736840000928300070002010905801000000074000803403065007610407530050983060
050983060610407530403065007074000803801000000002010905928300070736840000045200000
064080970510700234003412865940000382806001040375000000050809000630000700007305000
079080460432007015568214300283000049040100608000000573000908050007000036000503700
000034098742000160980000000000085041200010007009020350007609030008140000000002000
000002000008140000007609030009020350200010007000085041980000000742000160000034098
000020970000000840087900020016000000040218003209005004000300010003504069000071008
079020000048000000020009780000000610300812040400500902010003000960405300800170000
000200000000041800030906700053020900700010002140580000000000089061000247890430000
890430000061000247000000089140580000700010002053020900030906700000041800000200000
800170000960405300010003000400500902300812040000000610020009780048000000079020000
000071008003504069000300010209005004040218003016000000087900020000000840000020970
080706000000205093520000060060179032034628100002000609300467500040051000050030914
050030914040051000300467500002000609034628100060179032520000060000205093080706000
003000500540036208000240000004061027356027000017089056905610000100003690400902030
005000300802630045000042000720160400000720653650980710000016509096300001030209004
419030050000150040005764003906000200001826430230971060060000025390502000000607080
000607080390502000060000025230971060001826430906000200005764003000150040419030050
030209004096300001000016509650980710000720653720160400000042000802630045005000300
400902030100003690905610000017089056356027000004061027000240000540036208003000500
001050200000090070702683140407018063100030020000246010064000000008005490970804600
970804600008005490064000000000246010100030020407018063702683140000090070001050200
900014700706000000084007201800200600000431895450608300640000102090126470000003000
007410009000000607102700480006002008598134000003806054201000046074621090000300000
006408079094500800000000460010642000020030001360810704041386207070090000002050100
002050100070090000041386207360810704020030001010642000000000460094500800006408079
000300000074621090201000046003806054598134000006002008102700480000000607007410009
000003000090126470640000102450608300000431895800200600084007201706000000900014700
780530010300000004100060807270040698000716000460092570600458000512000080804920700
804920700512000080600458000460092570000716000270040698100060807300000004780530010
856402137010607008420000000904070005205914603008260000700506800080709001000008740
731204658800706010000000024500070409306419502000062800008605007100907080047800000
007029408080000215000854006075290064000617000896040072708060001400000003010035087
010035087400000003708060001896040072000617000075290064000854006080000215007029408
047800000100907080008605007000062800306419502500070409000000024800706010731204658
000008740080709001700506800008260000205914603904070005420000000010607008856402137
236000000578460100409703200003290500120045986004607020805104009702500800040008602
040008602702500800805104009004607020120045986003290500409703200578460100236000000
078010452400020073025403986051602740000049060804750300680095210000280000209060000
254010870370020004689304520047206150060940000003057408012590086000082000000060902
206800040008005207900401508020706400689540021005092300002307904001064875000000632
000000632001064875002307904005092300689540021020706400900401508008005207206800040
000060902000082000012590086003057408060940000047206150689304520370020004254010870
209060000000280000680095210804750300000049060051602740025403986400020073078010452
000610700403009000009380400010247590000053621300090840520400000040060052800000070
800000070040060052520400000300090840000053621010247590009380400403009000000610700
805300040042001000000000930004002306060954801000037090000865407750429000020010000
040003508000100240039000000603200400108459060090730000704568000000924057000010020
070000008250060040000004025048090003126350000095742010004083900000900304007016000
007016000000900304004083900095742010126350000048090003000004025250060040070000008
000010020000924057704568000090730000108459060603200400039000000000100240040003508
020010000750429000000865407000037090060954801004002306000000930042001000805300040
090080062000030010000140000081296004060800129002007000073500040500004230049301756
049301756500004230073500040002007000060800129081296004000140000000030010090080062
050000000407068009903201000305082100000009438140706000720010000534020016600094002
000000050900860704000102309001280503834900000000607041000010027610020435200490006
657103940032400005040005370000700200921008060400692180000041000010030000260080090
260080090010030000000041000400692180921008060000700200040005370032400005657103940
200490006610020435000010027000607041834900000001280503000102309900860704000000050
600094002534020016720010000140706000000009438305082100903201000407068009050000000
316057200800000000420308005000200071502070698080039020600003010001592806200860007
200860007001592806600003010080039020502070698000200071420308005800000000316057200
206050483000800201010020006850002300690370005023900807080060002001297000760081500
384050602102008000600020010003200058500073096708009320200060080000792100005180067
700068002608295100010300006020930080896070205170002000500803024000000008002750613
002750613000000008500803024170002000896070205020930080010300006608295100700068002
005180067000792100200060080708009320500073096003200058600020010102008000384050602
760081500001297000080060002023900807690370005850002300010020006000800201206050483
285100030600507020030209005046700802900000000120390540560400273802603000003005086
003005086802603000560400273120390540900000000046700802030209005600507020285100030
085190062006204308320006005064307251000900000530000970002508000807400023603002500
260091580803402600500600023152703460000009000079000035000805200320004708005200306
680500300000306208372004065045093021000000009208007640500902030020705006030001582
030001582020705006500902030208007640000000009045093021372004065000306208680500300
005200306320004708000805200079000035000009000152703460500600023803402600260091580
603002500807400023002508000530000970000900000064307251320006005006204308085190062
050308479040010008328940060485060790761003080003870004004009306000000000630150000
630150000000000000004009306003870004761003080485060790328940060040010008050308479
600074300300068245004315800100800903500706410009030008003007004000089607006400089
003470006542860003008513400309008001014607005800030900400700300706980000980004600
000051036000000000603900400400078300080300167097060584060049823800010040974803050
974803050800010040060049823097060584080300167400078300603900400000000000000051036
980004600706980000400700300800030900014607005309008001008513400542860003003470006
006400089000089607003007004009030008500706410100800903004315800300068245600074300
069010000070952000802000050200008000005620704680000025000000047008030960456790032
456790032008030960000000047680000025005620704200008000802000050070952000069010000
400602800500800076680050209700060090930020051000008020090070000364200500207540000
008206004670008005902050086090060007150020039020800000000070090005002463000045702
230097654069030800740000000520000086407026500000800002050000208000259070000010960
000010960000259070050000208000800002407026500520000086740000000069030800230097654
000045702005002463000070090020800000150020039090060007902050086670008005008206004
207540000364200500090070000000008020930020051700060090680050209500800076400602800
023000090160009270040060300000000000009243005080706020000001030200057068350408009
350408009200057068000001030080706020009243005000000000040060300160009270023000090
320000010500800462000090003400720000050040600871630090000000320063200079980050000
010000023264008005300090000000027004006040050090036178023000000970002360000050089
900804053860750002030100000020607080500342900000000000003060040072900061090000320
090000320072900061003060040000000000500342900020607080030100000860750002900804053
000050089970002360023000000090036178006040050000027004300090000264008005010000023
980050000063200079000000320871630090050040600400720000000090003500800462320000010
206008100031054027579600348000135862300089400108000500000520910400800735003741006
003741006400800735000520910108000500300089400000135862579600348031054027206008100
040130502000000730300800916785001600402083050100095048079548301031006420650002870
205031040037000000619008003006100587050380204840590001103845970024600130078200056
600147300537008004019025000005000801004980003268531000843006975720450130001800602
001800602720450130843006975268531000004980003005000801019025000537008004600147300
078200056024600130103845970840590001050380204006100587619008003037000000205031040
650002870031006420079548301100095048402083050785001600300800916000000730040130502
000001379009420000010839240070000900100093008006050030091070000000080500602305700
602305700000080500091070000006050030100093008070000900010839240009420000000001379
600010000009007100201600090300000840087590320500030901750009203000300407000080009
000010006001700900090006102048000003023095780109030005302900057704003000900080000
007503206005080000000070190030050600800390001009000070042938010000024900973100000
973100000000024900042938010009000070800390001030050600000070190005080000007503206
900080000704003000302900057109030005023095780048000003090006102001700900000010006
000080009000300407750009203500030901087590320300000840201600090009007100600010000
000000751080000260006510000000040007058267013300085600509020000034800025027103096
027103096034800025509020000300085600058267013000040007006510000080000260000000751
005300000230050080749080600180020500002864100300570000000600027920010065650037001
000003500080050032006080947005020081001468200000075003720006000560010029100730056
690301720520008430000020905006580003310762850700040000000015600062000080157000000
157000000062000080000015600700040000310762850006580003000020905520008430690301720
100730056560010029720006000000075003001468200005020081006080947080050032000003500
650037001920010065000600027300570000002864100180020500749080600230050080005300000
200700640700493502900006701024007090000031407500040060400000000030570820007002000
007002000030570820400000000500040060000031407024007090900006701700493502200700640
004500972030002000700004000050000047070430090200017630080040756020609004000070120
279005400000200030000400007740000050090034070036710002657040080400906020021070000
000200700028075030000000004060040005704130000090700420107600009205394007046007002
046007002205394007107600009090700420704130000060040005000000004028075030000200700
021070000400906020657040080036710002090034070740000050000400007000200030279005400
000070120020609004080040756200017630070430090050000047700004000030002000004500972
086200015072013008001008400024100306600300184107000509700035240208700903003900060
003900060208700903700035240107000509600300184024100306001008400072013008086200015
027160000000002078380704126970031002003000010005000830092513400604080001030946085
000061720870200000621407083200130079010000300038000500004315290100080406580649030
060009300309007802042530007905000701481003006603001420004800100800310270510002680
510002680800310270004800100603001420481003006905000701042530007309007802060009300
580649030100080406004315290038000500010000300200130079621407083870200000000061720
030946085604080001092513400005000830003000010970031002380704126000002078027160000
080706304006203108437800000600080001003000046109002085000400569014605020305920000
305920000014605020000400569109002085003000046600080001437800000006203108080706304
300106400010000308540930760964000827200008000050200036005000013026840000009561084
004601003803000010067039045728000469000800002630002050310000500000048620480165900
000029503020506410965004000580200901640000300100080006000008734801302600403607080
403607080801302600000008734100080006640000300580200901965004000020506410000029503
480165900000048620310000500630002050000800002728000469067039045803000010004601003
009561084026840000005000013050200036200008000964000827540930760010000308300106400
000080060001400802000097000900041583010560200754000619000975000200000937090004058
090004058200000937000975000754000619010560200900041583000097000001400802000080060
020709000900510000000400010009050040007064908405001700090625080530108006870903020
000907020000015009010004000040050900809460700007100504080526090600801035020309078
850400090739000002000579000916000457002065010385140009000790000208004100060080000
060080000208004100000790000385140009002065010916000457000579000739000002850400090
020309078600801035080526090007100504809460700040050900010004000000015009000907020
870903020530108006090625080405001700007064908009050040000400010900510000020709000
031070900470100205098000007000000050054092083867003100600058091900421006705036800
705036800900421006600058091867003100054092083000000050098000007470100205031070900
796800040000650973500740801040000010325090007618320000800100029009085000061030750
040008697379056000108047005010000040700090523000023816920001008000580900057030160
008630507600124009190850006001300768380290450050000000700000890502001074009070130
009070130502001074700000890050000000380290450001300768190850006600124009008630507
057030160000580900920001008000023816700090523010000040108047005379056000040008697
061030750009085000800100029618320000325090007040000010500740801000650973796800040
930600000108005002002078300300061007000590020500003610010200794700004030000700056
000700056700004030010200794500003610000590020300061007002078300108005002930600000
070503019001000003000000280702050006000096700040301850007600300539120000604007020
910305070300000100082000000600050207007690000058103040003006700000021935020700406
650007000030400007497002010016300005020095000700160003003870200200500801000006039
000006039200500801003870200700160003020095000016300005497002010030400007650007000
020700406000021935003006700058103040007690000600050207082000000300000100910305070
604007020539120000007600300040301850000096700702050006000000280001000003070503019
035082007060134050401700000000820000100570008370060012000058006006000030000006025
000006025006000030000058006370060012100570008000820000401700000060134050035082007
000310400000700063060000105000058710005672038608000042000000000230100050506280007
004013000360007000501000060017850000830276500240000806000000000050001032700082605
520600000030000600600850000210060073800075001000028000000007104050431060700280530
700280530050431060000007104000028000800075001210060073600850000030000600520600000
700082605050001032000000000240000806830276500017850000501000060360007000004013000
506280007230100050000000000608000042005672038000058710060000105000700063000310400
075003820003259040001806030820300004407000090000760000000938475004007368730005900
730005900004007368000938475000760000407000090820300004001806030003259040075003820
700048000300002007040070135009703820003600050578000693934000008067090342085004000
000840007700200003531070040028307900050006300396000875800000439243090760000400580
009500037863700400574839000000067000090000704400003028030608100040952300028300570
028300570040952300030608100400003028090000704000067000574839000863700400009500037
000400580243090760800000439396000875050006300028307900531070040700200003000840007
085004000067090342934000008578000693003600050009703820040070135300002007700048000
700008295450209067260070000004703006820000740376810000900002070140900000007081009
007081009140900000900002070376810000820000740004703006260070000450209067700008295
019380247040720650700604000090807020800100700102003098000070002007040069900006075
742083910056027040000406007020708090007001008890300201200070000960040700570600009
900180700000009041070200009000018673047000028600307400000070062760902054592800007
592800007760902054000070062600307400047000028000018673070200009000009041900180700
570600009960040700200070000890300201007001008020708090000406007056027040742083910
900006075007040069000070002102003098800100700090807020700604000040720650019380247
054000108082019070070008095005007804700860000000025007020090506016350780507406200
507406200016350780020090506000025007700860000005007804070008095082019070054000108
500070000012000785760005024430080000059260010600507890275008001080000970006704508
000070005587000210420500067000080034010062950098705006100800572079000080805407600
002604705087053610605090020700520000000068007408700500590800070070910280801000450
801000450070910280590800070408700500000068007700520000605090020087053610002604705
805407600079000080100800572098705006010062950000080034420500067587000210000070005
006704508080000970275008001600507890059260010430080000760005024012000785500070000
180047350700900001006000090067030802030600000040782963000009010018406739390000604
390000604018406739000009010040782963030600000067030802006000090700900001180047350
300000071910436008080007600040760090000803004069200007670908003031600905490302010
170000003800634019006700080090067040400308000700002960300809076509006130010203094
406000093937604810010900000369287040000006030208030760090000600100009007053740081
053740081100009007090000600208030760000006030369287040010900000937604810406000093
010203094509006130300809076700002960400308000090067040006700080800634019170000003
490302010031600905670908003069200007000803004040760090080007600910436008300000071
600298300073654900800000052106700090030520076097060003060072035000905400301840700
301840700000905400060072035097060003030520076106700090800000052073654900600298300
300001806006930070100706030890057062407620059052000048740000093003079500005360200
608100003070039600030607001260750098950026704840000250390000047005970300002063500
007048103004509000530270060300060790670025030090007601250000008009456370003892006
003892006009456370250000008090007601670025030300060790530270060004509000007048103
002063500005970300390000047840000250950026704260750098030607001070039600608100003
005360200003079500740000093052000048407620059890057062100706030006930070300001806
020040000009751000004600300075008130002014780060037009706009841100080507200170090
200170090100080507706009841060037009002014780075008130004600300009751000020040000
217000000000607002006025490100000670780310054009748010058071300904083000071900000
000000712200706000094520600076000001450013087010847900003170850000380409000009170
090071002705080001148900607900730060087410200031800570003006400000157900000040020
000040020000157900003006400031800570087410200900730060148900607705080001090071002
000009170000380409003170850010847900450013087076000001094520600200706000000000712
071900000904083000058071300009748010780310054100000670006025490000607002217000000
460090000350240190280003000020470003004050289603800700900700040070004000100680930
100680930070004000900700040603800700004050289020470003280003000350240190460090000
109600234070002856000340000607804020800057049040000300900720010304080090000093000
432006901658200070000043000020408706940750008003000040010027009090080403000390000
039086001000400070040007009007008306982050400300074020000300082091042053000090064
000090064091042053000300082300074020982050400007008306040007009000400070039086001
000390000090080403010027009003000040940750008020408706000043000658200070432006901
000093000304080090900720010040000300800057049607804020000340000070002856109600234
000410609600090025050206000091004087705128004000037001040001790079002500020570400
020570400079002500040001790000037001705128004091004087050206000600090025000410609
000070060274009500090051000500010204700320091021784600457000006009008020000147059
060070000005900472000150090402010005190023007006487120600000754020800900950741000
004075020005200970097100040100730000400821507780400190000602050520090006906014000
906014000520090006000602050780400190400821507100730000097100040005200970004075020
950741000020800900600000754006487120190023007402010005000150090005900472060070000
000147059009008020457000006021784600700320091500010204090051000274009500000070060
001005009754800003080000720100006397500702180600183002060230004409500200002940008
002940008409500200060230004600183002500702180100006397080000720754800003001005009
040651070006000850290000041952170080403800000000326005020013700000089200804207039
070156040058000600140000092080071259000008304500623000007310020002980000930702408
800049200002005904400032060200381006081207005793600001027000080300008457900500100
900500100300008457027000080793600001081207005200381006400032060002005904800049200
930702408002980000007310020500623000000008304080071259140000092058000600070156040
804207039000089200020013700000326005403800000952170080290000041006000850040651070
000094850051000000028005000875000093200950006094002000000506004002018060000039518
000039518002018060000506004094002000200950006875000093028005000051000000000094850
000028000000907250020405810005090000310050009986200504500000008160009005804063000
000820000052709000018504020000090500900050013405002689800000005500900061000360408
815930000060810200400605000000200490600059002390000578000500820000000150058490000
058490000000000150000500820390000578600059002000200490400605000060810200815930000
000360408500900061800000005405002689900050013000090500018504020052709000000820000
804063000160009005500000008986200504310050009005090000020405810000907250000028000
000021040092870300005034270000000603000783005801000000056048002209000000043590000
043590000209000000056048002801000000000783005000000603005034270092870300000021040
020800000405000090396100520500070080904080372008030401000006230000000704002053000
000008020090000504025001693080070005273080409104030800032600000407000000000350200
000095340000000902200840650000000108500387000306000000072430500003078290040120000
040120000003078290072430500306000000500387000000000108200840650000000902000095340
000350200407000000032600000104030800273080409080070005025001693090000504000008020
002053000000000704000006230008030401904080372500070080396100520405000090020800000
100008097857034002000700845002307518500016209000500600906800700000000080400200951
400200951000000080906800700000500600500016209002307518000700845857034002100008097
409050081000000050006002070208503700000010030000067048907625800580001409100098527
180050904050000000070200600007305802030010000840760000008526709904100085725890001
159002004080000000007008609006005000902610005815703200548007000200430758790800001
790800001200430758548007000815703200902610005006005000007008609080000000159002004
725890001904100085008526709840760000030010000007305802070200600050000000180050904
100098527580001409907625800000067048000010030208503700006002070000000050409050081
090540060000200000458300009000060400009734506004190000000000010507008032300020058
300020058507008032000000010004190000009734506000060400458300009000200000090540060
350000400000000509070490800000170325200936004080040000000054000531000006820060900
004000053905000000008094070523071000400639002000040080000450000600000135009060028
850020003230800705010000000000091400605437900004060000900003854000002000060045090
060045090000002000900003854004060000605437900000091400010000000230800705850020003
009060028600000135000450000000040080400639002523071000008094070905000000004000053
820060900531000006000054000080040000200936004000170325070490800000000509350000400
047003006000021805208009340709080500010006709020007008000270160070098402502600980
502600980070098402000270160020007008010006709709080500208009340000021805047003006
500007200070210004200009807602000000097008020080760913941075380806000400020890056
002700005400012070708900002000000206020800790319067080083570149004000608650098020
089006205204890070061072000800700020907600010005080907043900802508120000600300740
600300740508120000043900802005080907907600010800700020061072000204890070089006205
650098020004000608083570149319067080020800790000000206708900002400012070002700005
020890056806000400941075380080760913097008020602000000200009807070210004500007200
600010785800047030920300100080734500450001027039050000004009803508070000000400900
000400900508070000004009803039050000450001027080734500920300100800047030600010785
050040986000358200084900000400007300070503041009014070908005107000020038003070005
689040050002853000000009480003700004140305070070410900701500809830020000500070300
009004000000070805308900400000050930720100054005437080001003029030740008587010006
587010006030740008001003029005437080720100054000050930308900400000070805009004000
500070300830020000701500809070410900140305070003700004000009480002853000689040050
003070005000020038908005107009014070070503041400007300084900000000358200050040986
130274080920800400480060001659007204300002000000003010890000075013450062500719040
500719040013450062890000075000003010300002000659007204480060001920800400130274080
508036491019005823030009000740000082150000607900327004000002040467100008025004100
194630805328500910000900030280000047706000051400723009040200000800001764001400520
040917005260054310570000098010300000000200003402700956100060084004008029080472031
080472031004008029100060084402700956000200003010300000570000098260054310040917005
001400520800001764040200000400723009706000051280000047000900030328500910194630805
025004100467100008000002040900327004150000607740000082030009000019005823508036491
000270800020003070007000350502614003070050040300700605600800004084530000031946028
031946028084530000600800004300700605070050040502614003007000350020003070000270800
006305000380070020140002700958706002430051007600004030000600308200040570804503000
000503600020070083007200041200607859700150034030400006803006000075040002000305408
820649130000035480400008006506007003040050070300416205053000700070300020008072000
008072000070300020053000700300416205040050070506007003400008006000035480820649130
000305408075040002803006000030400006700150034200607859007200041020070083000503600
804503000200040570000600308600004030430051007958706002140002700380070020006305000
130040750900007801000005009600001027040590060012406390294000500076900204001260900
001260900076900204294000500012406390040590060600001027000005009900007801130040750
002006091079140003164200000290450000600090004000601570925300087000962005040007910
190600200300041970000002461000054092400090006075106000780003529500269000019700040
009062100402009670005000492093604210060095040720100006900500000108700009057040031
057040031108700009900500000720100006060095040093604210005000492402009670009062100
019700040500269000780003529075106000400090006000054092000002461300041970190600200
040007910000962005925300087000601570600090004290450000164200000079140003002006091
035169007007000100006870003002900000004001000508400700070084950051090340020513600
020513600051090340070084950508400700004001000002900000006870003007000100035169007
000500000257000003010842675500409801198000706304010009639700010045000000000000307
000005000300000752576248010108904005607000891900010403010007936000000540703000000
006315020043090150059480070007004805000100400000009200300078600001000700700961530
700961530001000700300078600000009200000100400007004805059480070043090150006315020
703000000000000540010007936900010403607000891108904005576248010300000752000005000
000000307045000000639700010304010009198000706500409801010842675257000003000500000
580049167010850024374010500037004810900003000108720000000408052000590041000201030
000201030000590041000408052108720000900003000037004810374010500010850024580049167
000190305000003718000807400254700080090200154108034009000008501345001026012000047
503091000817300000004708000080007452451002090900430801105800000620100543740000210
030102000140095000250804000000027801000300009018400730005010473420058010761940085
761940085420058010005010473018400730000300009000027801250804000140095000030102000
740000210620100543105800000900430801451002090080007452004708000817300000503091000
012000047345001026000008501108034009090200154254700080000807400000003718000190305
097004360040600009600000450023700000759200030080951700004097280000300010000400500
000400500000300010004097280080951700759200030023700000600000450040600009097004360
000070600000852049004093007430927060009500000007100004502700403018030506000000090
006070000940258000700390400060729034000005900400001700304007205605030810090000000
005004000010003000082790400007159080030002957000007320054000006900006040063400790
063400790900006040054000006000007320030002957007159080082790400010003000005004000
090000000605030810304007205400001700000005900060729034700390400940258000006070000
000000090018030506502700403007100004009500000430927060004093007000852049000070600
050060083406103000000854000008510092000090060000000000030000100040000000000600000
000600000040000000030000100000000000000090060008510092000854000406103000050060083
000000040043000005000008060600005810000091506000000430001000000000069008000002003
040000000500000340060800000018500006605190000034000000000000100800960000300200000
000006000000000040001000030000000000060090000290015800000458000000301604380060050
380060050000301604000458000290015800060090000000000000001000030000000040000006000
300200000800960000000000100034000000605190000018500006060800000500000340040000000
000002003000069008001000000000000430000091506600005810000008060043000005000000040
300248001900360000804009000700010000080090000000700000000400109450070300000105000
000105000450070300000400109000700000080090000700010000804009000900360000300248001
040007893050080000000000400104700032070091064500000908031000000000000000009000001
398700040000080050004000000230007401460190070809000005000000130000000000100000900
000501000003070054901004000000007000000090080000010007000900408000063009100842003
100842003000063009000900408000010007000090080000007000901004000003070054000501000
100000900000000000000000130809000005460190070230007401004000000000080050398700040
009000001000000000031000000500000908070091064104700032000000400050080000040007893
800009000000406000000002000010000000040080000000000000000000000002800000006003074
006003074002800000000000000000000000040080000010000000000002000000406000800009000
000000008000041000620000000080000040000080000300000269000000000700000000400000000
800000000000140000000000026040000080000080000962000003000000000000000007000000004
470300600000008200000000000000000000000080040000000010000200000000604000000900008
000900008000604000000200000000000010000080040000000000000000000000008200470300600
000000004000000007000000000962000003000080000040000080000000026000140000800000000
400000000700000000000000000300000269000080000080000040620000000000041000000000008
004000571009016200006002893800000030400008000605020000000000010078091060001003950
001003950078091060000000010605020000400008000800000030006002893009016200004000571
000648000070000000180500694000000000090200010310080260900000825561003907000000301
000846000000000070496005081000000000010002090062080013528000009709300165103000000
059300100060190870010000000000020506000800004030000008398200600002610900175000400
175000400002610900398200600030000008000800004000020506010000000060190870059300100
103000000709300165528000009062080013010002090000000000496005081000000070000846000
000000301561003907900000825310080260090200010000000000180500694070000000000648000
480175200090400168000006000019002000037004051050013000003000040000048010008007090
008007090000048010003000040050013000037004051019002000000006000090400168480175200
000000004000531098803079000000000041040100007780342605000000012914050060000010080
400000000890135000000970308140000000700001040506243087210000000060050419080010000
090700800010840000040000300000310050150400730000200910000600000861004090002571084
002571084861004090000600000000200910150400730000310050040000300010840000090700800
080010000060050419210000000506243087700001040140000000000970308890135000400000000
000010080914050060000000012780342605040100007000000041803079000000531098000000004
152008000408060000006259841000092000200800930040001520780926005001000007000014000
000014000001000007780926005040001520200800930000092000006259841408060000152008000
007020041008400005010000682009080200102009560406102908000590800000230400075000100
140020700500004800286000010002080900065900201809201604008095000004032000001000570
000410000700000100500629087025100040039008002000290000148952600000060804000800251
000800251000060804148952600000290000039008002025100040500629087700000100000410000
001000570004032000008095000809201604065900201002080900286000010500004800140020700
075000100000230400000590800406102908102009560009080200010000682008400005007020041
050000647000065089208007015014280950096500000582900731400000060070030590805600073
805600073070030590400000060582900731096500000014280950208007015000065089050000647
804500200070891005500264800600952000030008060000000750050709006796305184300100597
002005408500198070008462005000259006060800030057000000600907050481503697795001003
370006508095030070060000004137009285000005690059082410510700802980560000746000050
746000050980560000510700802059082410000005690137009285060000004095030070370006508
795001003481503697600907050057000000060800030000259006008462005500198070002005408
300100597796305184050709006000000750030008060600952000500264800070891005804500200
000000270320040500617580000000950040900604007000070920094708100570009804080000002
080000002570009804094708100000070920900604007000950040617580000320040500000000270
050090630879000120004000700007069500000705840098040000081900052000204007240070000
036090050021000978007000400005960700048507000000040890250009180700402000000070042
200000080408900075001807490029070000700406009040059000000085716005040023072000000
072000000005040023000085716040059000700406009029070000001807490408900075200000080
000070042700402000250009180000040890048507000005960700007000400021000978036090050
240070000000204007081900052098040000000705840007069500004000700879000120050090630
000038760000002013700006000009007500615300487070410300501074839900800102302000600
302000600900800102501074839070410300615300487009007500700006000000002013000038760
395060700000710000201059000080430000007100003004007628618345007003080016029070030
007060593000017000000950102000034080300001700826700400700543816610080300030070920
006000203201008009938470105003014070784003516005700900000600007310200000067830000
067830000310200000000600007005700900784003516003014070938470105201008009006000203
030070920610080300700543816826700400300001700000034080000950102000017000007060593
029070030003080016618345007004007628007100003080430000201059000000710000395060700
603000000450200010090000067030074000080961000900350100820003051004700832300508009
300508009004700832820003051900350100080961000030074000090000067450200010603000000
308900046002083950040000003570390020000567000803014000080100000035000610921000700
640009803059380200300000040020093075000765000000410308000001080016000530007000129
900805003238007400150300028001053009000169080000470030760000090010002054000000306
000000306010002054760000090000470030000169080001053009150300028238007400900805003
007000129016000530000001080000410308000765000020093075300000040059380200640009803
921000700035000610080100000803014000000567000570390020040000003002083950308900046
000010079900246010501780402406070000007050046128904050709038000800000067605000198
605000198800000067709038000128904050007050046406070000501780402900246010000010079
687104590000200000509876100000900720003057841008400060100000400960540017870060209
095401786000002000001678905027009000148750300060004800004000001710045069902060078
891000506760000008000830907050409821640050700000070604204087105010642009970010000
970010000010642009204087105000070604640050700050409821000830907760000008891000506
902060078710045069004000001060004800148750300027009000001678905000002000095401786
870060209960540017100000400008400060003057841000900720509876100000200000687104590
070306080319020007208000090620057040907004230841002050702000019130000070095871603
095871603130000070702000019841002050907004230620057040208000090319020007070306080
017896230930402017502170890800000003700005020100247006600020000071534908309000070
032698710710204039098071205300000008020500007600742001000020006809435170070000903
306178590070000031910000207050200148032400709040750026090000802700020913080603070
080603070700020913090000802040750026032400709050200148910000207070000031306178590
070000903809435170000020006600742001020500007300000008098071205710204039032698710
309000070071534908600020000100247006700005020800000003502170890930402017017896230
040008530568070090203004700050000080780006003306010400070600012605180040000047006
000047006605180040070600012306010400780006003050000080203004700568070090040008530
060370250007085064050600380016000000480100070700060408000400705041008093602030000
052073060460580700083006050000000610070001084804060007507004000390800140000030206
600740000040081506210006070004010603300600087080000050007400302090070865035800040
035800040090070865007400302080000050300600087004010603210006070040081506600740000
000030206390800140507004000804060007070001084000000610083006050460580700052073060
602030000041008093000400705700060408480100070016000000050600380007085064060370250
506000078200009060410376002020501907000030216001027045100040000060190750045060009
045060009060190750100040000001027045000030216020501907410376002200009060506000078
001000425460002100500100006010005300694230700000701690070029000050410067900567208
524000100001200064600001005003500010007032496096107000000920070760014050802765009
900060540057091060000040001540720100612030000709105020200673014060900002870000605
870000605060900002200673014709105020612030000540720100000040001057091060900060540
802765009760014050000920070096107000007032496003500010600001005001200064524000100
900567208050410067070029000000701690694230700010005300500100006460002100001000425
