006010540007042030834000000080974200009500713675200080000000090913408605700009401
700009401913408605000000090675200080009500713080974200834000000007042030006010540
790600800010708300030590476040259000000007041980004020460072005009810034150030000
008006097003807010674095030000952040140700000020400089500270064430018900000030051
104900007506804319090000000080002576317005900002479080000000438030240700045010600
045010600030240700000000438002479080317005900080002576090000000506804319104900007
000030051430018900500270064020400089140700000000952040674095030003807010008006097
150030000009810034460072005980004020000007041040259000030590476010708300790600800
100062870608905302245738600010007009807200006452090000700000004004180720001304000
001304000004180720700000004452090000807200006010007009245738600608905302100062870
007480261000501400140270580310020790080900306400007852070000638020000007004069020
162084700004105000085072041097020013603009080258700004836000070700000020020960400
000403100027081400400000007000090254600002708900700010006837542203509806078260001
078260001203509806006837542900700010600002708000090254400000007027081400000403100
020960400700000020836000070258700004603009080097020013085072041004105000162084700
004069020020000007070000638400007852080900306310020790140270580000501400007480261
096807034430502910000009658351048060982003105060000000620384000000006089805791306
805791306000006089620384000060000000982003105351048060000009658430502910096807034
806093040002685039500021006703000058908004000164038927300010690080006513690050804
040390608930586200600120005850000307000400809729830461096010003315600080408050096
603197508980600000000483026000000060501300289060840153856900000019205034430708690
430708690019205034856900000060840153501300289000000060000483026980600000603197508
408050096315600080096010003729830461000400809850000307600120005930586200040390608
690050804080006513300010690164038927908004000703000058500021006002685039806093040
720846090059372084004001702001087050807030026300009007000750219500064000900010060
900010060500064000000750219300009007807030026001087050004001702059372084720846090
950380007000000052000071490007000038165038074040907126002000700601025089009760240
700083059250000000094170000830000700470830561621709040007000200980520106042067900
060010009000460005912057000700900003620030708050780100207100400480273950090648027
090648027480273950207100400050780100620030708700900003912057000000460005060010009
042067900980520106007000200621709040470830561830000700094170000250000000700083059
009760240601025089002000700040907126165038074007000038000071490000000052950380007
017400005000100437040005010000630009034200086001000020009040062000370054080562970
080562970000370054009040062001000020034200086000630009040005010000100437017400005
000000000800030401009140007530026014674003000200000500900000040756280130042069075
000000000104030008700041900410620035000300476005000002040000009031082657570960240
079265080450073000260040900020000100680002430900036000010500040734001000500004710
500004710734001000010500040900036000680002430020000100260040900450073000079265080
570960240031082657040000009005000002000300476410620035700041900104030008000000000
042069075756280130900000040200000500674003000530026014009140007800030401000000000
020010750700005900800000106297400065104060030563000400078953610950102007000706008
000706008950102007078953610563000400104060030297400065800000106700005900020010750
090512870057609002008347000719004000005060001623000050006400197001036005870005600
078215090200906750000743800000400917100060500050000326791004600500630100006500078
800607000700201059016359870004000365030060401560004792601000008009500007057010020
057010020009500007601000008560004792030060401004000365016359870700201059800607000
006500078500630100791004600050000326100060500000400917000743800200906750078215090
870005600001036005006400197623000050005060001719004000008347000057609002090512870
123000058000325046650170030000204900900087614071603082815900020007040000040002890
040002890007040000815900020071603082900087614000204900650170030000325046123000058
008090601401700502075100003009602130040080720200374050800069000902810345000240068
106090800205007104300001570031206900027080040050473002000960008543018209860042000
098200040000040700020009518280306170416780009009402000030071056640523000850000321
850000321640523000030071056009402000416780009280306170020009518000040700098200040
860042000543018209000960008050473002027080040031206900300001570205007104106090800
000240068902810345800069000200374050040080720009602130075100003401700502008090601
000203007500000210792040003085021000630978005270034108900006841056007000000092750
000092750056007000900006841270034108630978005085021000792040003500000210000203007
009260750050738900060005200000090002900372400276481003708100020504000010001850307
057062900009837050002500060200090000004273009300184672020001807010000405703058100
057290000000700650148600009801430072500879036000120580300040297012000005700302000
700302000012000005300040297000120580500879036801430072148600009000700650057290000
703058100010000405020001807300184672004273009200090000002500060009837050057062900
001850307504000010708100020276481003900372400000090002060005200050738900009260750
040080100800009057903600420200498003007150080100070002080025004570004231600731895
600731895570004231080025004100070002007150080200498003903600420800009057040080100
650102980078000004000070300700014600302759008145008090820000401930080250514203070
089201056400000870003070000006410007800957203090800541104000028052080039070302415
598137006132400075400520080200070001080051700300894002024006309750900008001080040
001080040750900008024006309300894002080051700200070001400520080132400075598137006
070302415052080039104000028090800541800957203006410007003070000400000870089201056
514203070930080250820000401145008090302759008700014600000070300078000004650102980
082400500014200608357068400029050007530700006060014250270100304800043710000007980
000007980800043710270100304060014250530700006029050007357068400014200608082400500
082050300007632518000009742001070024040105600730400800973200465810500000004067080
003050280815236700247900000420070100006501040008004037564002379000005018080760400
089700000017340008403001072052410060600007035700050920004860753806002410005004280
005004280806002410004860753700050920600007035052410060403001072017340008089700000
080760400000005018564002379008004037006501040420070100247900000815236700003050280
004067080810500000973200465730400800040105600001070024000009742007632518082050300
004000008178400360056200700840609520623004897000700034082500000001820070435901280
435901280001820070082500000000700034623004897840609520056200700178400360004000008
400068010308024570512030684985706240020000000100049000200085730870392060000470008
010860004075420803486030215042607589000000020000940001037580002060293078800074000
082109534070028100000005280430007000798400326025906048007002650063004871800000400
800000400063004871007002650025906048798400326430007000000005280070028100082109534
800074000060293078037580002000940001000000020042607589486030215075420803010860004
000470008870392060200085730100049000020000000985706240512030684308024570400068010
005009280070508600400000090000084100500070009691000700704816932803000470900740006
900740006803000470704816932691000700500070009000084100400000090070508600005009280
987650400000900070034100005708000050401078000006004089049701062073000908602090000
004056789070009000500001430050000807000870104980400600260107940809000370000090206
600047009074000308239618407007000196900070005001480000090000004006805070082900500
082900500006805070090000004001480000900070005007000196239618407074000308600047009
000090206809000370260107940980400600000870104050000807500001430070009000004056789
602090000073000908049701062006004089401078000708000050034100005000900070987650400
140920038000000000002080090020140607719602483050730010261570800400890006390064170
390064170400890006261570800050730010719602483020140607002080090000000000140920038
342070001906512004001090200085761009697304802400020000108046000700180903060037008
100070243400215609002090100900167580208403796000020004000640801309081007800730060
071460093600098004008075162010037050384206917706041020090080200000000000830029041
830029041000000000090080200706041020384206917010037050008075162600098004071460093
800730060309081007000640801000020004208403796900167580002090100400215609100070243
060037008700180903108046000400020000697304802085761009001090200906512004342070001
107020006300008009009500420002039040050804000000206317071302680234080090006190030
006190030234080090071302680000206317050804000002039040009500420300008009107020006
020000031037050000641002907103280500980003002002649080006300400398104200000700096
130000020000050730709200146005082301200300089080946200004003600002401893690007000
030091600090080432086203170713602000000408050040930200024005900900800003600020701
600020701900800003024005900040930200000408050713602000086203170090080432030091600
690007000002401893004003600080946200200300089005082301709200146000050730130000020
000700096398104200006300400002649080980003002103280500641002907037050000020000031
704056038000107609950002140102708004400009071009000062001875900095600780007200415
007200415095600780001875900009000062400009071102708004950002140000107609704056038
000041907090000500751902004268007010007000005005098276479000160180670403500214098
709140000005000090400209157010700862500000700672890500061000974304076081890412005
514002700087006590009578100260000900170900004400807201041200059906701000830650407
830650407906701000041200059400807201170900004260000900009578100087006590514002700
890412005304076081061000974672890500500000700010700862400209157005000090709140000
500214098180670403479000160005098276007000005268007010751902004090000500000041907
020070039000090174890030006080200003600310785073600420208003500050901300400020618
400020618050901300208003500073600420600310785080200003890030006000090174020070039
402060800050708902008300000090632000200010397013000000635470010100280073800053649
008060204209807050000003800000236090793010002000000310010074536370082001946350008
816020004003109050005300802024006370587013006300002080600030098471090000930070020
930070020471090000600030098300002080587013006024006370005300802003109050816020004
946350008370082001010074536000000310793010002000236090000003800209807050008060204
800053649100280073635470010013000000200010397090632000008300000050708902402060800
051000004430190700027000910002006000605320100793050000014080600308715009279634050
279634050308715009014080600793050000605320100002006000027000910430190700051000004
230760040701900235984352701670030010318520090450006000006010970500000100090000004
040067032532009107107253489010030076090025813000600054079010600001000005400000090
050436972900517803006080410000050397001023506000600200019000720007091034400000150
400000150007091034019000720000600200001023506000050397006080410900517803050436972
400000090001000005079010600000600054090025813010030076107253489532009107040067032
090000004500000100006010970450006000318520090670030010984352701701900235230760040
940007021082691070501400039200010080008040000194870356460205197815060003020004008
020004008815060003460205197194870356008040000200010080501400039082691070940007021
084102509216900084050480120002800460060741090405000017001300000009508372837600901
905201480480009612021084050064008200090147060710000504000003100273805900109006738
800400020300060518791502064653078491000040800080010002930004105070196280120700049
120700049070196280930004105080010002000040800653078491791502064300060518800400020
109006738273805900000003100710000504090147060064008200021084050480009612905201480
837600901009508372001300000405000017060741090002800460050480120216900084084102509
000478359380095060095060420010002046003547000807009000000306010031004502400001673
400001673031004502000306010807009000003547000010002046095060420380095060000478359
400800030030001980010730500003050004000040697146972058650000403701004265320006009
030008004089100030005037010400050300796040000850279641304000056562400107900600023
376100004205400130010603000000900708000745300640200010024060590060590083953874000
953874000060590083024060590640200010000745300000900708010603000205400130376100004
900600023562400107304000056850279641796040000400050300005037010089100030030008004
320006009701004265650000403146972058000040697003050004010730500030001980400800030
030090076006740390005300481092000010004000030050913600040006050007008129823059064
823059064007008129040006050050913600004000030092000010005300481006740390030090076
800000000204509003370042560000900370500100049986300000010600430625031897490000106
000000008300905402065240073073009000940001005000003689034006010798130526601000094
460950328921800700050600040006319050030000400010000290184003500093047600670090030
670090030093047600184003500010000290030000400006319050050600040921800700460950328
601000094798130526034006010000003689940001005073009000065240073300905402000000008
490000106625031897010600430986300000500100049000900370370042560204509003800000000
400500000000034205905000670061400900502163007004075162640000501208001709000250800
000250800208001709640000501004075162502163007061400900905000670000034205400500000
026050904004006000080421500200014005500760030010530040875109620000600700091270050
409050620000600400005124080500410002030067005040035010026901578007006000050072190
008052000907100802105000046261570400700361205009004160076000509502430000000005004
000005004502430000076000509009004160700361205261570400105000046907100802008052000
050072190007006000026901578040035010030067005500410002005124080000600400409050620
091270050000600700875109620010530040500760030200014005080421500004006000026050904
