402905760180740000950008004203800075068400039714009000049530621600080090300090000
300090000600080090049530621714009000068400039203800075950008004180740000402905760
360702914004160580009483002005048079983000040000900805006000007092037006001095400
419207063085061400200384900970840500040000389508009000700000600600730290004590100
000090003090080006126035940000900417930004860570008302400800059000047081067509204
067509204000047081400800059570008302930004860000900417126035940090080006000090003
004590100600730290700000600508009000040000389970840500200384900085061400419207063
001095400092037006006000007000900805983000040005048079009483002004160580360702914
405030007281900543003400016508009060007003000046275398372504689800000100014390200
014390200800000100372504689046275398007003000508009060003400016281900543405030007
083005024107400080402678315305200490900700003004539000216300050008906140009800637
420500380080004701513876204094002503300007009000935400050003612041609800736008900
002093410001000008986405273893572640000300700060900805610004300345009182700030504
700030504345009182610004300060900805000300700893572640986405273001000008002093410
736008900041609800050003612000935400300007009094002503513876204080004701420500380
009800637008906140216300050004539000900700003305200490402678315107400080083005024
410000200297800014000004059173050002904000001602090530036947008701306490000510306
000510306701306490036947008602090530904000001173050002000004059297800014410000200
070691024003007091016243070539000080104905000067000400340500002090300510608012940
420196070190700300070342610080000935000509401004000760200005043015003090049210806
603015000094603107800749630035090206100000409200050371950400000410008792002000014
002000014410008792950400000200050371100000409035090206800749630094603107603015000
049210806015003090200005043004000760000509401080000935070342610190700300420196070
608012940090300510340500002067000400104905000539000080016243070003007091070691024
500902100060051832007004506004098060691235008803607000005000607002070019706019003
706019003002070019005000607803607000691235008004098060007004506060051832500902100
700860005000090060625314700000620009170039050900758412006000581010006030397080620
500068007060090000007413526900026000050930071214857009185000600030600010026080793
300910607910070200706000500000706308800532196060890400605400700238150060001209005
001209005238150060605400700060890400800532196000706308706000500910070200300910607
026080793030600010185000600214857009050930071900026000007413526060090000500068007
397080620010006030006000581900758412170039050000620009625314700000090060700860005
200030005000502070580007003710000538960351000453028060091060350620873410307905826
307905826620873410091060350453028060960351000710000538580007003000502070200030005
360497502029561800701300000980030050076250003530810720843005000215603070600008305
205794063008165920000003107050030089300052670027018035000500348070306512503800006
628509703014378026053060190060820354000153069835000017300700085070205000500030002
500030002070205000300700085835000017000153069060820354053060190014378026628509703
503800006070306512000500348027018035300052670050030089000003107008165920205794063
600008305215603070843005000530810720076250003980030050701300000029561800360497502
304006809070000253059283004517000908000100675803097001206300507435870190090465080
090465080435870190206300507803097001000100675517000908059283004070000253304006809
042805003930001570056307904483010200670900800500700306015069028890070050007158439
300508240075100039409703650002010384008009076603007005820960510050070098934851700
080564090091078534705003602100790308576001000809000715400382950352000070908600403
908600403352000070400382950809000715576001000100790308705003602091078534080564090
934851700050070098820960510603007005008009076002010384409703650075100039300508240
007158439890070050015069028500700306670900800483010200056307904930001570042805003
001300786403006019005091030904070602050463008008250473000007000100000000500614327
500614327100000000000007000008250473050463008904070602005091030403006019001300786
510009040000050000000804531600240003100567900407030160300406007200700318700382096
040900015000050000135408000300042006009765001061030704700604003813007002690283007
723416005000000001000700000374052800800364050206070409030190500910600304687003100
687003100910600304030190500206070409800364050374052800000700000000000001723416005
690283007813007002700604003061030704009765001300042006135408000000050000040900015
700382096200700318300406007407030160100567900600240003000804531000050000510009040
350000001098120430010900052020040500583012740070090028065271004030058006240300085
240300085030058006065271004070090028583012740020040500010900052098120430350000001
200050003436782195005030080302000910057914020081020000000075040800240530564800201
300050002591287634080030500019000203020419750000020180040570000035042008102008465
580003042600850030400172560820090070047210385005040020250009010034021890100000053
100000053034021890250009010005040020047210385820090070400172560600850030580003042
102008465035042008040570000000020180020419750019000203080030500591287634300050002
564800201800240530000075040081020000057914020302000910005030080436782195200050003
000905320907030060320140800184000003073461908090080214850003700040050032700000506
700000506040050032850003700090080214073461908184000003320140800907030060000905320
708001390045978200000034070000040109050860430003010005507290803030100062620483000
093100807002879540070430000901040000034068050500010300308092705260001030000384026
605000007230050040007300058412080090809164370300000481008041023060030709023509000
023509000060030709008041023300000481809164370412080090007300058230050040605000007
000384026260001030308092705500010300034068050901040000070430000002879540093100807
620483000030100062507290803003010005050860430000040109000034070045978200708001390
510429080700800061830060452100054609000003010690000574060502103258040006341900805
341900805258040006060502103690000574000003010100054609830060452700800061510429080
320601875456900301180000000905000084040005602002034009801506400000710568563409210
578106023103009654000000081480000509206500040900430200004605108865017000012904365
508009143600040852301205060475000096010300000906450001254060038160008007080924015
080924015160008007254060038906450001010300000475000096301205060600040852508009143
012904365865017000004605108900430200206500040480000509000000081103009654578106023
563409210000710568801506400002034009040005602905000084180000000456900301320601875
020000006800236000460010203318450060050891007940020050094062301000045609200109045
200109045000045609094062301940020050050891007318450060460010203800236000020000006
200903480009451602004008000100084020046295130952010060063000200400506000591070306
084309002206154900000800400020480001031592640060010259002000360000605004603070195
540901002906540000103260490050020049700198050060054813302010064000632008600000020
600000020000632008302010064060054813700198050050020049103260490906540000540901002
603070195000605004002000360060010259031592640020480001000800400206154900084309002
591070306400506000063000200952010060046295130100084020004008000009451602200903480
400000000301570984000104073000021030704300800236009041093210458857940160002060390
002060390857940160093210458236009041704300800000021030000104073301570984400000000
080270034059300000273640010092030150641002070000901400314080090965403780008100340
430072080000003950010046372051030290070200146004109000090080413087304569043001800
093060200061049758854012390140900632008003407030120000370401000489075103000000004
000000004489075103370401000030120000008003407140900632854012390061049758093060200
043001800087304569090080413004109000070200146051030290010046372000003950430072080
008100340965403780314080090000901400641002070092030150273640010059300000080270034
900813650346020087001674309100406075030702860065080030000000000617590243083041000
083041000617590243000000000065080030030702860100406075001674309346020087900813650
060001039810630040370500160050074608490800721100026403020080306040367085030005970
930100060040036018061005073806470050127008094304620001603080020580763040079500030
000140380342095716000000000030080560068207030570604001903476100780020643056318009
056318009780020643903476100570604001068207030030080560000000000342095716000140380
079500030580763040603080020304620001127008094806470050061005073040036018930100060
030005970040367085020080306100026403490800721050074608370500160810630040060001039
380062957000000204472859063000305020000200400006784005700008092805903040060000038
060000038805903040700008092006784005000200400000305020472859063000000204380062957
087000403600000708050600200090723800000800506038405902000040029349002605802500347
304000780807000006002006050008327090605008000209504830920040000506200943743005208
830000060040309508290800007500487600004002000020503000360958274402000000759260083
759260083402000000360958274020503000004002000500487600290800007040309508830000060
743005208506200943920040000209504830605008000008327090002006050807000006304000780
802500347349002605000040029038405902000800506090723800050600200600000708087000403
060003190107240030059008072200501769601000000503920001016090307035607080704085900
704085900035607080016090307503920001601000000200501769059008072107240030060003190
700562010031000506456310970060905020809200040570001803903007001080006739007109200
010265007605000130079013654020509060040002908308100075100700309937600080002901700
009580407080706530703090610100029305000000106967105002270800950030042701091300060
091300060030042701270800950967105002000000106100029305703090610080706530009580407
002901700937600080100700309308100075040002908020509060079013654605000130010265007
007109200080006739903007001570001803809200040060905020456310970031000506700562010
062079080378001069090620305643000190085013600210900800054000030006050048800400506
800400506006050048054000030210900800085013600643000190090620305378001069062079080
800206030005184976064053082400900600050010207000030019500861300043009068680000590
030602008679481500280350460006009004702010050910030000003168005860900340095000086
605004008840050600030000450008009012006310580091000346503026090960100873080970260
080970260960100873503026090091000346006310580008009012030000450840050600605004008
095000086860900340003168005910030000702010050006009004280350460679481500030602008
680000590043009068500861300000030019050010207400900600064053082005184976800206030
026000493030004000914005278107000804402008305305426709600000900850962007000871000
000871000850962007600000900305426709402008305107000804914005278030004000026000493
086341900050000132000527406890400000760200000120680540009738204000000709070954803
009143680231000050604725000000004098000002067045086021402837900907000000308459070
000178000700269058009000006907624503503800204408000701872500419000400030394000620
394000620000400030872500419408000701503800204907624503009000006700269058000178000
308459070907000000402837900045086021000002067000004098604725000231000050009143680
070954803000000709009738204120680540760200000890400000000527406050000132086341900
003040120100025307790016000400239005806004093509680412065800030908003000017092006
017092006908003000065800030509680412806004093400239005790016000100025307003040120
090584710106000900785960003008602000900803124230049650000400031003190002600235070
017485090009000601300069587000206800421308009056940032130004000200091300070532006
600290710000300809030008560214086905390400608500932004000610097703520001021040300
021040300703520001000610097500932004390400608214086905030008560000300809600290710
070532006200091300130004000056940032421308009000206800300069587009000601017485090
600235070003190002000400031230049650900803124008602000785960003106000900090584710
001480609007900481090601530710045206502396007000217040405008000086530020300704000
300704000086530020405008000000217040502396007710045206090601530007900481001480609
304057000080001900065020071750230694030194008408765100000002546020400380000076019
000750403009100080170020560496032057800491030001567804645200000083004020910670000
000407003020035680000800504040712000700693205602540017035106090184009700906084100
906084100184009700035106090602540017700693205040712000000800504020035680000407003
910670000083004020645200000001567804800491030496032057170020560009100080000750403
000076019020400380000002546408765100030194008750230694065020071080001900304057000
100245806008070025000608307620053080503800040004700003002930000056184070019507600
019507600056184070002930000004700003503800040620053080000608307008070025100245806
000056001150002000962430080519780602083005074740003805600000308070048020000300756
100650000000200051080034269206087915470500380508300047803000006020840070657003000
006705910070481650000039200300007400040008305080350026703806000520070800608542001
608542001520070800703806000080350026040008305300007400000039200070481650006705910
657003000020840070803000006508300047470500380206087915080034269000200051100650000
000300756070048020600000308740003805083005074519780602962430080150002000000056001
008600010410509000920100005345200079100060520200735108650897000890006457730000006
730000006890006457650897000200735108100060520345200079920100005410509000008600010
786213940395004210000005008008702156009360000067500090040150000050027001670809500
049312687012400593800500000651207800000063900090005760000051040100720050005908076
600000037754600098000798056801537002025060001970002543500001029000905014010006800
010006800000905014500001029970002543025060001801537002000798056754600098600000037
005908076100720050000051040090005760000063900651207800800500000012400593049312687
670809500050027001040150000067500090009360000008702156000005008395004210786213940
072008965085692003096010400804005609000800007000020018240056791061080000050041806
050041806061080000240056791000020018000800007804005609096010400085692003072008965
002008000564000987010004652000080060485200190106005028807006409009100006601879035
000800200789000465256400010060080000091002584820500601904600708600001900530978106
608140050000080160197650042810020000700008000906500408004010690300296580569800270
569800270300296580004010690906500408700008000810020000197650042000080160608140050
530978106600001900904600708820500601091002584060080000256400010789000465000800200
601879035009100006807006409106005028485200190000080060010004652564000987002008000
049810500560900010180007396650089000203561048008300057006100009025090431800004060
800004060025090431006100009008300057203561048650089000180007396560900010049810500
800026150020005864056830009001350098090068001400019700040000305630540910019780600
051620008468500020900038650890053100100860090007910004503000040019045036006087910
060400008134090520900001600750003800840165302000980056693700081010009065005018940
005018940010009065693700081000980056840165302750003800900001600134090520060400008
006087910019045036503000040007910004100860090890053100900038650468500020051620008
019780600630540910040000305400019700090068001001350098056830009020005864800026150
040530870503600940170000205650023104700164300401050000017940003804310760065000010
065000010804310760017940003401050000700164300650023104170000205503600940040530870
080476150601005704547100030039010065014562003000043000070031298160000047003004500
051674080407500106030001745560010930300265410000340000892130070740000061005400300
010000560067013408300049710000050104003461007401320056502000071049006305078035040
078035040049006305502000071401320056003461007000050104300049710067013408010000560
005400300740000061892130070000340000300265410560010930030001745407500106051674080
003004500160000047070031298000043000014562003039010065547100030601005704080476150
040361050170050080090000304000036790057100620001702500320978160710040830000203000
000203000710040830320978160001702500057100620000036790090000304170050080040361050
073000010012050974000170000209710003047003056308206001081567300036029085000000400
010000370479050210000071000300017902650300740100602803003765180580920630004000000
000302000038040017061879023005207100026001750097630000403000090080050071050163040
050163040080050071403000090097630000026001750005207100061879023038040017000302000
004000000580920630003765180100602803650300740300017902000071000479050210010000370
000000400036029085081567300308206001047003056209710003000170000012050974073000010
001006720020908003056030801490070068503869012018025007349080005005007000107054930
107054930005007000349080005018025007503869012490070068056030801020908003001006720
103054000004109520759830601000080090508267300470590086900000807300016002005728130
000450301025901400106038957090080000003762805680095074708000009200610003031827500
039450701000700500500080943700520810210968305860070094108030650300809020027600100
027600100300809020108030650860070094210968305700520810500080943000700500039450701
031827500200610003708000009680095074003762805090080000106038957025901400000450301
005728130300016002900000807470590086508267300000080090759830601004109520103054000
402800670300605804685000003800103502931524708006078301500010200060702430720480050
720480050060702430500010200006078301931524708800103502685000003300605804402800670
705098634260030800000610502470051068801720000020843050042375086530000007000182340
436890507008030062205016000860150074000027108050348020680573240700000035043281000
050084027034207060002010005103870600807425139205301008300000586408506003076008204
076008204408506003300000586205301008807425139103870600002010005034207060050084027
043281000700000035680573240050348020000027108860150074205016000008030062436890507
000182340530000007042375086020843050801720000470051068000610502260030800705098634
000054006059007800036819257320071609047906508965080021780105062000000180002048003
002048003000000180780105062965080021047906508320071609036819257059007800000054006
007903000008642350200570690001090800400807105805061974010056280086200500302189706
000309700053246800096075002008090100501708004479160508082650010005002680607981203
300840200081000000260501087120080569805609740906170023752918630008700950600450000
600450000008700950752918630906170023805609740120080569260501087081000000300840200
607981203005002680082650010479160508501708004008090100096075002053246800000309700
302189706086200500010056280805061974400807105001090800200570690008642350007903000
024803070000601004980754120000000000072930000890070340049062805010580000568017239
568017239010580000049062805890070340072930000000000000980754120000601004024803070
500800900614970802809020004050090768186730500702000413208300100300400207905000040
009008005208079416400020908867090050005037681314000207001003802702004003040000509
932710865000085010508260940043070098000039270000000000021457089400106000070308420
070308420400106000021457089000000000000039270043070098508260940000085010932710865
040000509702004003001003802314000207005037681867090050400020908208079416009008005
905000040300400207208300100702000413186730500050090768809020004614970802500800900
010607000306080247907235060503469000400003600762050304809300006020070039630892470
630892470020070039809300006762050304400003600503469000907235060306080247010607000
608745930320600001009203760803004206970506380200039507400360020730000640096400070
039547806100006023067302900602400308083605079705930002020063004046000037070004690
074298036930070020600003908403050267006300004000964305060532709742080603000706010
000706010742080603060532709000964305006300004403050267600003908930070020074298036
070004690046000037020063004705930002083605079602400308067302900100006023039547806
096400070730000640400360020200039507970506380803004206009203760320600001608745930
618070030300006072072301080701862000204715068056000020003590000460000859580600210
580600210460000859003590000056000020204715068701862000072301080300006072618070030
540027036860500701003641208605078300009016007000052160280000000150260873090080020
630720045107005068802146300003870506700610900061250000000000082378062051020080090
012006085958000064000095300020000650860517402000268107080103270270600003030070816
030070816270600003080103270000268107860517402020000650000095300958000064012006085
020080090378062051000000082061250000700610900003870506802146300107005068630720045
090080020150260873280000000000052160009016007605078300003641208860500701540027036
000046000020000100536819400601973254247050300305400006050302610800190570002007800
002007800800190570050302610305400006247050300601973254536819400020000100000046000
080326500005040320200571600013409800090057104702003906856032410071005000000604000
005623080023040500006175002008904310401750090609300207014230658000500170000406000
008700200075091008016203050600004503003050742452379106004918635001000020000640000
000640000001000020004918635452379106003050742600004503016203050075091008008700200
000406000000500170014230658609300207401750090008904310006175002023040500005623080
000604000071005000856032410702003906090057104013409800200571600005040320080326500
603918050045600179900507380286730000530000040194802000009200000008409725062070010
062070010008409725009200000194802000530000040286730000900507380045600179603918050
000152906600938040289406053042807569700003001090200708070000310120040875050000090
609251000040839006350604982965708240100300007807002090013000070578040021090000050
010070260527904800000002900000208491040000035000037682083705009971006540050819306
050819306971006540083705009000037682040000035000208491000002900527904800010070260
090000050578040021013000070807002090100300007965708240350604982040839006609251000
050000090120040875070000310090200708700003001042807569289406053600938040000152906
100406700953008020476390105090001540001000002300920801814005200060009300239014050
239014050060009300814005200300920801001000002090001540476390105953008020100406700
208300491361009750904010630000900304100200900495001086032805107500004020000120500
194003802057900163036010409403009000009002001680100594701508230020400005005021000
050410932003900060002500418108029003200000100045100090501093674020800359007604001
007604001020800359501093674045100090200000100108029003002500418003900060050410932
005021000020400005701508230680100594009002001403009000036010409057900163194003802
000120500500004020032805107495001086100200900000900304904010630361009750208300491
018000050092015804046002037601579403030080005854031900103920500265748301089053000
089053000265748301103920500854031900030080005601579403046002037092015804018000050
021806000860530491953401628079005000542387010380109250035904080000000305010053740
000608120194035068826104359000500970010783245052901083080409530503000000047350010
000350980103847562005029301009130458500080030304975106730200640408510290050000810
050000810408510290730200640304975106500080030009130458005029301103847562000350980
047350010503000000080409530052901083010783245000500970826104359194035068000608120
010053740000000305035904080380109250542387010079005000953401628860530491021806000
200084196810050007690120548370000009426307000008000470049030005002000364560408912
560408912002000364049030005008000470426307000370000009690120548810050007200084196
500043682604027910029860000400030100003000258800070004930400501160700409245009876
286340005019720406000068920001030004852000300400070008105004039904007061678900542
219804065463000200500030940074000800000703624900000073845021096700050018691480002
691480002700050018845021096900000073000703624074000800500030940463000200219804065
678900542904007061105004039400070008852000300001030004000068920019720406286340005
245009876160700409930400501800070004003000258400030100029860000604027910500043682
000004005500002800400700632301400906006003184004069203640907310200008060873016020
873016020200008060640907310004069203006003184301400906400700632500002800000004005
826003450704000000300461000009004700100600000687930024003219680261080300000346205
054300628000000407000164003007400900000006001420039786086912300003080162502643000
020610378060800002013709046302960400481300600609004103236007004008200005500400000
500400000008200005236007004609004103481300600302960400013709046060800002020610378
502643000003080162086912300420039786000006001007400900000164003000000407054300628
000346205261080300003219680687930024100600000009004700300461000704000000826003450
300158970498037000510029008924060050050200493730594062040080009603940001089300006
089300006603940001040080009730594062050200493924060050510029008498037000300158970
060709543804352190930004080390520001048906235000400978000040009000695007619230800
345907060091253408080400039100025093532609840879004000900040000700596000008032916
600003980100049306900080040260495037394002050050060429800920015000730894079851003
079851003000730894800920015050060429394002050260495037900080040100049306600003980
008032916700596000900040000879004000532609840100025093080400039091253408345907060
619230800000695007000040009000400978048906235390520001930004080804352190060709543
573948260900705403480130907005000800002053016300016590769304025008000009234001070
234001070008000009769304025300016590002053016005000800480130907900705403573948260
207300495306000807489025003003000179000150304104630058000508942702910006095060730
594003702708000603300520984971000300403051000850036401249805000600019207037060590
070100432900000800520403967095610003610350200008000500709031084304507009062849375
062849375304507009709031084008000500610350200095610003520403967900000800070100432
037060590600019207249805000850036401403051000971000300300520984708000603594003702
095060730702910006000508942104630058000150304003000179489025003306000807207300495
430910700009540801051300946000600205000000084000002607765103429943260008008079563
008079563943260008765103429000002607000000084000600205051300946009540801430910700
097000004046000503835000190021006359760000041903200000504602987602080400389745610
400000790305000640091000538953600120140000067000002309789206405004080206016547983
365970800800062349924301567706200000480000000502006000649003150108045900007019034
007019034108045900649003150502006000480000000706200000924301567800062349365970800
016547983004080206789206405000002309140000067953600120091000538305000640400000790
389745610602080400504602987903200000760000041021006359835000190046000503097000004
040030080560004072783095146004008057097050804800900601006083290020060718918000003
918000003020060718006083290800900601097050804004008057783095146560004072040030080
900800750120090864806074300000900000068050903003008540072680100019005478380147620
057008009468090021003470608000009000309050860045800300001086270874500910026741083
300000819817060020092380600106009008408050790750800400641590387270400065080030040
080030040270400065641590387750800400408050790106009008092380600817060020300000819
026741083874500910001086270045800300309050860000009000003470608468090021057008009
380147620019005478072680100003008540068050903000900000806074300120090864900800750
940500100026070503508360209680700001300049870050810936460200008897056012205100004
205100004897056012460200008050810936300049870680700001508360209026070503940500100
284036509096508024570000860102807305050140670060090000000980251010370000428601930
905630482420805690068000075503708201076041050000090060152089000000073010039106824
400001502210650798800002064639018050078940003100007086902063805305070620001005049
001005049305070620902063805100007086078940003639018050800002064210650798400001502
039106824000073010152089000000090060076041050503708201068000075420805690905630482
428601930010370000000980251060090000050140670102807305570000860096508024284036509
560190300000002645040603080400078000305240008280060504924805700000400850800906410
800906410000400850924805700280060504305240008400078000040603080000002645560190300
809234005002800406004050000948020601000647009605008320487500063150000840000480050
500432908604008200000050400106020849900746000023800506360005784048000051050084000
014609008058004000007508429405060082800042503000870004080306040546200000003091065
003091065546200000080306040000870004800042503405060082007508429058004000014609008
050084000048000051360005784023800506900746000106020849000050400604008200500432908
000480050150000840487500063605008320000647009948020601004050000002800406809234005
008597024004603900510400007607352419000086732200004058906030800100060540035001290
035001290100060540906030800200004058000086732607352419510400007004603900008597024
019206500300000100506007048000003465063085009100462037258074090940531002000829704
005602910001000003840700605564300000900580360730264001090470852200135049407928000
092100530045060001008030609850400002237680000914253706700004015009306400420795800
420795800009306400700004015914253706237680000850400002008030609045060001092100530
407928000200135049090470852730264001900580360564300000840700605001000003005602910
000829704940531002258074090100462037063085009000003465506007048300000100019206500
837041090040398172102600830051000040486109327903460001008034260000000413300006000
300006000000000413008034260903460001486109327051000040102600830040398172837041090
300940108000085043008361207000410630003600094604090081042030810016024379030170020
801049003340580000702163800036014000490006300180090406018030240973420610020071030
000600003314000000062430800100064309723901684040000150038006201271893040090140738
090140738271893040038006201040000150723901684100064309062430800314000000000600003
020071030973420610018030240180090406490006300036014000702163800340580000801049003
030170020016024379042030810604090081003600094000410630008361207000085043300940108
006137890730090645098500103310700280500012007672080400067009004100060720025071360
025071360100060720067009004672080400500012007310700280098500103730090645006137890
010653070206701930507200806000007501760810093109020007370402168620008049004070350
070356010039107602608002705105700000390018067700020901861204073940800026053070400
063170520027060001400900760004080276700210005082007013301005890546090037098731600
098731600546090037301005890082007013700210005004080276400900760027060001063170520
053070400940800026861204073700020901390018067105700000608002705039107602070356010
004070350620008049370402168109020007760810093000007501507200806206701930010653070
963280140400010062170460809020050034096340070300020500608170000734508600209000000
209000000734508600608170000300020500096340070020050034170460809400010062963280140
276300149030092706948060003051030402007245618080000000060500801000073064000004920
941003672607290030300060849204030150816542700000000080108005060460370000029400000
000000902006805437000071806005020003070043690430050020908064071260010004041082369
041082369260010004908064071430050020070043690005020003000071806006805437000000902
029400000460370000108005060000000080816542700204030150300060849607290030941003672
000004920000073064060500801080000000007245618051030402948060003030092706276300149
510083007064200381083009452490000800800604005000958104600327008000006000028001046
028001046000006000600327008000958104800604005490000800083009452064200381510083007
006084005200009861800000340003960020002500008167840903000108430400000580608450217
500480600168900002043000008020069300800005200309048761034801000085000004712054806
640100820000600000800723006401859000500406008008000094254900380183002460700380015
700380015183002460254900380008000094500406008401859000800723006000600000640100820
712054806085000004034801000309048761800005200020069300043000008168900002500480600
608450217400000580000108430167840903002500008003960020800000340200009861006084005
000900100200861000300070809024538070600419000001726904105002007002097568097050000
097050000002097568105002007001726904600419000024538070300070809200861000000900100
001060320900002000725104000000745089590213760072698010050900801060007000087400900
023060100000200009000401527980547000067312095010896270108009050000700060009004780
000050790865790200700200501409627100000914006070835420908070003000168002001009000
001009000000168002908070003070835420000914006409627100700200501865790200000050790
009004780000700060108009050010896270067312095980547000000401527000200009023060100
087400900060007000050900801072698010590213760000745089725104000900002000001060320
140037095850209060270000384082096000035070006000050730304060802618000450000904003
000904003618000450304060802000050730035070006082096000270000384850209060140037095
063000281010038754084052000900000020006579003400006097048700300050300869302060405
182000360457830010000250480020000009300975600790600004003007840968003050504060203
300409000054000816208060403037050000600070530000690280483000072060902058590730041
590730041060902058483000072000690280600070530037050000208060403054000816300409000
504060203968003050003007840790600004300975600020000009000250480457830010182000360
302060405050300869048700300400006097006579003900000020084052000010038754063000281
340082790785493602060050003657901328230076000008005076126030804000500000504000007
504000007000500000126030804008005076230076000657901328060050003785493602340082790
501026073002035684406807050050009040003070598000561032008003067000702009704608320
370620105486530200050708604040900050895070300230165000760300800900207000023806407
700000405000005000408030621670500800000670032823109756300050060206394587097280043
097280043206394587300050060823109756000670032670500800408030621000005000700000405
023806407900207000760300800230165000895070300040900050050708604486530200370620105
704608320000702009008003067000561032003070598050009040406807050002035684501026073
000950007500370942090246850403810000670504308802690000080030120045109703901080004
901080004045109703080030120802690000670504308403810000090246850500370942000950007
900864050048070900150203000010658239803901475090040600071030890002000540430080027
050468009009070840000302051932856010574109308006040090098030170045000200720080034
400080109307901540021030080000096208803405076000018304058642090249073005700059000
700059000249073005058642090000018304803405076000096208021030080307901540400080109
720080034045000200098030170006040090574109308932856010000302051009070840050468009
430080027002000540071030890090040600803901475010658239150203000048070900900864050
001907826026000703008040910000370104430100000010000002290401007850760291060520438
060520438850760291290401007010000002430100000000370104008040910026000703001907826
082040000659130020000000861574013009260007400001000007420001978390000102817204036
000040280020031956168000000900310475004700062700000100879100024201000093630402718
834025060192067058700104092200000010000001034401073000019040800307000620628709100
628709100307000620019040800401073000000001034200000010700104092192067058834025060
630402718201000093879100024700000100004700062900310475168000000020031956000040280
817204036390000102420001978001000007260007400574013009000000861659130020082040000
951008360870034050003615709507042698064009013000306000000090006005801000309000120
309000120005801000000090006000306000064009013507042698003615709870034050951008360
300005089000060075950047301080300600009004130010692548100006703200019056006038900
980500003570060000103740059006003080031400900845296010307600001650910002009830600
021000903000108500600090000000603000310900460896240705907516300050430078063800159
063800159050430078907516300896240705310900460000603000600090000000108500021000903
009830600650910002307600001845296010031400900006003080103740059570060000980500003
006038900200019056100006703010692548009004130080300600950047301000060075300005089
301407902500106070407008300148600030700301628600005049870513290205060001900080400
900080400205060001870513290600005049700301628148600030407008300500106070301407902
928671453007004000050008701005036014861000000003510867402060309009423070010980002
354176829000400700107800050410630500000000168768015300903060204070324900200089010
004080009100060502092315078940500006826103007030006841003800704070601005209704103
209704103070601005003800704030006841826103007940500006092315078100060502004080009
200089010070324900903060204768015300000000168410630500107800050000400700354176829
010980002009423070402060309003510867861000000005036014050008701007004000928671453
010000890400869500080205034305640070000000080028053049971532468206007903050000027
050000027206007903971532468028053049000000080305640070080205034400869500010000890
029003040507200801061805000005006280003504060072300590094000058206487309738900400
040300920108002705000508160082600500060405300095003270850000490903784602004009837
720000050309700602864235179940350820080000000070046503430502080005968004098000010
098000010005968004430502080070046503080000000940350820864235179309700602720000050
004009837903784602850000490095003270060405300082600500000508160108002705040300920
738900400206487309094000058072300590003504060005006280061805000507200801029003040
000735000307000000258049760000000098709813254030900000680394107413020900000580030
000580030413020900680394107030900000709813254000000098258049760307000000000735000
046070230018300500030090870503980007829010403004030905091020700300059600007048000
032070640005003810078090030700089305304010928509030400007020190006950003000840700
030085000009020314701493086000009030452318907890000000067940852000000703000537000
000537000000000703067940852890000000452318907000009030701493086009020314030085000
000840700006950003007020190509030400304010928700089305078090030005003810032070640
007048000300059600091020700004030905829010403503980007030090870018300500046070230
002010003149080006053709042500340260080927050420856007200008304030172605608400029
608400029030172605200008304420856007080927050500340260053709042149080006002010003
602405010030280540800000392410893700070524081028670900063002000200056400954700263
010504206045082030293000008007398014180425070009076820000200360004650002362007459
920004806506271030403800002700658024050729080062043005240907350600080941300010200
300010200600080941240907350062043005050729080700658024403800002506271030920004806
362007459004650002000200360009076820180425070007398014293000008045082030010504206
954700263200056400063002000028670900070524081410893700800000392030280540602405010
120004800400007932090000160069230001840760293200041680974082056300000729002079010
002079010300000729974082056200041680840760293069230001090000160400007932120004800
039280041007046902204009000000072000708463000902100074070620198125890630096031020
140082930209640700000900402000270000000364807470001209891026070036098521020130690
010970200927000003650280479086140002392067048100032960061000090239700004008400021
008400021239700004061000090100032960392067048086140002650280479927000003010970200
020130690036098521891026070470001209000364807000270000000900402209640700140082930
096031020125890630070620198902100074708463000000072000204009000007046902039280041
090765013650240800002100400167008000000490681809050372976004100084900730003800054
003800054084900730976004100809050372000490681167008000002100400650240800090765013
009801060087006059346907200890040127000590046004008005071360480530780001400210003
060108900950600780002709643721040098640095000500800400084063170100087035300012004
450008300037009480001400679273050908186094000000800761004001200008042056310567090
310567090008042056004001200000800761186094000273050908001400679037009480450008300
300012004100087035084063170500800400640095000721040098002709643950600780060108900
400210003530780001071360480004008005000590046890040127346907200087006059009801060
050109807002000060089070040103080090508206013960051080031020600400810030090600170
090600170400810030031020600960051080508206013103080090089070040002000060050109807
040951000903600805001083920680020001012508700000160009106000008730819460000030007
000159040508006309029380100100020086007805210900061000800000601064918037700030000
071006090030018004006020130080150069310602805090080301040070980060000200708901050
708901050060000200040070980090080301310602805080150069006020130030018004071006090
700030000064918037800000601900061000007805210100020086029380100508006309000159040
000030007730819460106000008000160009012508700680020001001083920903600805040951000
758100200000050093020480715845690000060000581107005069000218657271500908080900120
080900120271500908000218657107005069060000581845690000020480715000050093758100200
020108007870064205010705008952006401001009850008500000196050702205680190087910530
700801020502460078800507010104600259058900100000005800207050691091086502035019780
021009080809005172756812000960500701185000060000096548517084020390050000002001857
002001857390050000517084020000096548185000060960500701756812000809005172021009080
035019780091086502207050691000005800058900100104600259800507010502460078700801020
087910530205680190196050702008500000001009850952006401010705008870064205020108007
170240058026008401030000629210070905000160204008002003785609102602401537040007890
040007890602401537785609102008002003000160204210070905030000629026008401170240058
067002001408001327025800060046010002000067004719200080851029640930000205072345918
100200760723100804060008520200010640400760000080002917046920158502000039819543270
098700040735104206201906587300200800402061000509070012926000030104800620850042071
850042071104800620926000030509070012402061000300200800201906587735104206098700040
819543270502000039046920158080002917400760000200010640060008520723100804100200760
072345918930000205851029640719200080000067004046010002025800060408001327067002001
300005000090132080851079000708054632060280900240003800902000075605408003034507200
034507200605408003902000075240003800060280900708054632851079000090132080300005000
069207803300460590452008100540020010000085730780304925200896000007003080035002000
308702960095064003001800254010020045037580000529403087000698002080300700000200530
002705430300804506570000209008300042009082060236450807000970158080231090000500003
000500003080231090000970158236450807009082060008300042570000209300804506002705430
000200530080300700000698002529403087037580000010020045001800254095064003308702960
035002000007003080200896000780304925000085730540020010452008100300460590069207803
194506200007400000006093074060700135050609807370251090900300000000017340713042650
713042650000017340900300000370251090050609807060700135006093074007400000194506200
709300001100756009300000674003267045410500900270190306630081002540903700000075400
100003907900657001476000003540762300009005014603091072200180036007309045004570000
056240317043710000000003009090152073708906050531007060470390600000004700002605491
002605491000004700470390600531007060708906050090152073000003009043710000056240317
004570000007309045200180036603091072009005014540762300476000003900657001100003907
000075400540903700630081002270190306410500900003267045300000674100756009709300001
271680000005207008089143207020936700004071900937024000412000500096002800053709426
053709426096002800412000500937024000004071900020936700089143207005207008271680000
004900002591302807362740951700009126000273408920416370485097200200000000600000780
200009400708203195159047263621900007804372000073614029002790584000000002087000006
624907350008200690005000214000420739009170400007639020702341980800702500000086172
000086172800702500702341980007639020009170400000420739005000214008200690624907350
087000006000000002002790584073614029804372000621900007159047263708203195200009400
600000780200000000485097200920416370000273408700009126362740951591302807004900002
708020005050180000610040000487039501092004003500018700040370006376005000905060374
905060374376005000040370006500018700092004003487039501610040000050180000708020005
930504607074098150560027008003000010607103482050849000300705000700000000406031005
706405039051890470800720065010000300284301706000948050000507003000000007500130604
473060509000500673600073040007810005300400290105930784000040016000081050500020807
500020807000081050000040016105930784300400290007810005600073040000500673473060509
500130604000000007000507003000948050284301706010000300800720065051890470706405039
406031005700000000300705000050849000607103482003000010560027008074098150930504607
410709623060002008000106700036000507059007800840513090528370069671920300000000100
000000100671920300528370069840513090059007800036000507000106700060002008410709623
065800004072453061018096000093500107027100000000370629130085706006900002009007083
400008560160354270000690810701005390000001720926073000607580031200009600380700900
001000000003029176960073825090315048008700950705000630007601000800200060326907014
326907014800200060007601000705000630008700950090315048960073825003029176001000000
380700900200009600607580031926073000000001720701005390000690810160354270400008560
009007083006900002130085706000370629027100000093500107018096000072453061065800004
000208905329050748580309216706000000030481070108703524010600350000510092902030400
902030400000510092010600350108703524030481070706000000580309216329050748000208905
900107530001030820200806090056740302310080050000310908403500279095270140020400685
035701009028030100090608002203047650050080013809013000972005304041072590586004020
004030209290015000053006010425307801070184030000000607612903085847050923509802000
509802000847050923612903085000000607070184030425307801053006010290015000004030209
586004020041072590972005304809013000050080013203047650090608002028030100035701009
020400685095270140403500279000310908310080050056740302200806090001030820900107530
465310208089200030007980065740002001000403620006000403530100006012008000008546000
008546000012008000530100006006000403000403620740002001007980065089200030465310208
005007004013004086820600795501040923400000801680032000000460002000020630006301508
400700500680400310597006028329040105108000004000230086200064000036020000805103600
000645800000800210600001035304000600026304000100200047560089700030002980802013564
802013564030002980560089700100200047026304000304000600600001035000800210000645800
805103600036020000200064000000230086108000004329040105597006028680400310400700500
006301508000020630000460002680032000400000801501040923820600795013004086005007004
071006002930082700250004300700218543010035020023907086042701008000023401100400200
100400200000023401042701008023907086010035020700218543250004300930082700071006002
100007290004210537002300001407902000020031080031758426240005370000824000018603002
092700001735012400100003200000209704080130020624857130073500042000428000200306810
002004001104320000800107240680709320020530010345812007003400052007280039200600170
200600170007280039003400052345812007020530010680709320800107240104320000002004001
200306810000428000073500042624857130080130020000209704100003200735012400092700001
018603002000824000240005370031758426020031080407902000002300001004210537100007290
007201480042000057189400036803040590000590628096002003000954010234100900905027800
905027800234100900000954010096002003000590628803040590189400036042000057007201480
920008100030900840540603927019050402205094000704200001890065004001029358000380670
001800029048009030729306045204050910000490502100002407400560098853920100076083000
008720509009001432010459000300200690826095000095040308630004981750000240084102700
084102700750000240630004981095040308826095000300200690010459000009001432008720509
076083000853920100400560098100002407000490502204050910729306045048009030001800029
000380670001029358890065004704200001205094000019050402540603927030900840920008100
600053407030018000095247310160004020052060000970805103200780030013090240500032091
500032091013090240200780030970805103052060000160004020095247310030018000600053407
502901006010756930030020500007800200398060415200504783020100304943002100100300007
600109205039657010005020030002008700514060893387405002403001020001200349700003001
190230005042090310030087002301508079000060250020400061013742590000810030704350006
704350006000810030013742590020400061000060250301508079030087002042090310190230005
700003001001200349403001020387405002514060893002008700005020030039657010600109205
100300007943002100020100304200504783398060415007800200030020500010756930502901006
040001637009700540700543009080050096570600302092800051000000874050069213104308965
104308965050069213000000874092800051570600302080050096700543009009700540040001637
100050700050978004400200090300860570060005400890000301928030056617509043534126907
007050001400879050090002004075068003004500060103000098650030829340905716709621435
569803401312960050478000000150008290203006075690050080900345007045007900736100040
736100040045007900900345007690050080203006075150008290478000000312960050569803401
709621435340905716650030829103000098004500060075068003090002004400879050007050001
534126907617509043928030056890000301060005400300860570400200090050978004100050700
020010380000625700700348160302006017507100028040802653410080096000260070006409831
006409831000260070410080096040802653507100028302006017700348160000625700020010380
004053700001400002600072000420810360068000421900206850800600173379521608106387000
007350400200004100000270006063018024124000860058602009371006008806125973000783601
138904600070062000690080014356208040820001705710600203061843007007526000083010020
083010020007526000061843007710600203820001705356208040690080014070062000138904600
000783601806125973371006008058602009124000860063018024000270006200004100007350400
106387000379521608800600173900206850068000421420810360600072000001400002004053700
204906180306008000000050960680513049005800326037069815061390004740021000509000031
509000031740021000061390004037069815005800326680513049000050960306008000204906180
570006032046308000901750064003085009029601500010903086000830901300124608104569000
230600075000803640460057109900580300005106920680309010109038000806421003000965401
130000905000120047400093160518960730623008500940315086069050000000800603081609402
081609402000800603069050000940315086623008500518960730400093160000120047130000905
000965401806421003109038000680309010005106920900580300460057109000803640230600075
104569000300124608000830901010903086029601500003085009901750064046308000570006032
000006970609008010200370400196840720300091804845207600002080000934002108008003000
008003000934002108002080000845207600300091804196840720200370400609008010000006970
090831260030409000842506090000208300008094700320710086010687409000002017080040000
062138090000904030090605248003802000007490800680017023904786010710200000000040080
000300800801200439000080200006702548408190003027048691004073002010800906079600000
079600000010800906004073002027048691408190003006702548000080200801200439000300800
000040080710200000904786010680017023007490800003802000090605248000904030062138090
080040000000002017010687409320710086008094700000208300842506090030409000090831260
080060400690040230740890000950100784327058060010070050804000127002010806170286503
170286503002010806804000127010070050327058060950100784740890000690040230080060400
108039760700125498024070000200001800810750946600080000581007024002568030367004000
067930801894521007000070420008100002649057018000080006420700185030865200000400763
305682071608010200721000408050070010060850723487001059000098047032040096004060080
004060080032040096000098047487001059060850723050070010721000408608010200305682071
000400763030865200420700185000080006649057018008100002000070420894521007067930801
367004000002568030581007024600080000810750946200001800024070000700125498108039760
601870029003209400082600070509104000000000910000026050094031786006790305370008201
370008201006790305094031786000026050000000910509104000082600070003209400601870029
300005006709000800064009231070001628093200007801604090237090040008510702156000009
600500003008000907132900460826100070700002390090406108040090732207015800900000651
102800073503097600687130490050620000019000000000401905070006280004902300920078106
920078106004902300070006280000401905019000000050620000687130490503097600102800073
900000651207015800040090732090406108700002390826100070132900460008000907600500003
156000009008510702237090040801604090093200007070001628064009231709000800300005006
010204083724003000806710004601502030583690000090401050000040200002005348479028005
479028005002005348000040200090401050583690000601502030806710004724003000010204083
400056870700980021920031640000465702204090100850102034032000000040503008580000403
078650004120089007046130029207564000001090402430201058000000230800305040304000085
500820974843500200002040000050104090000096385030205106400017608000300427380402010
380402010000300427400017608030205106000096385050104090002040000843500200500820974
304000085800305040000000230430201058001090402207564000046130029120089007078650004
580000403040503008032000000850102034204090100000465702920031640700980021400056870
026900100709021400143060900007050830300082591051340070010003058608405210905200006
905200006608405210010003058051340070300082591007050830143060900709021400026900100
960030170001500402580107396240300009000485620053020010020058941015793000608010000
071030069204005100693701085900003042026584000010020350149850020000397510000010806
600002509012504806850300010070043150195280003038050700009060341004120907001009620
001009620004120907009060341038050700195280003070043150850300010012504806600002509
000010806000397510149850020010020350026584000900003042693701085204005100071030069
608010000015793000020058941053020010000485620240300009580107396001500402960030170
004700093350080001179200004200910000000842057708605900031506700587194026060078400
060078400587194026031506700708605900000842057200910000179200004350080001004700093
050702130683000750071800904015689207790041080846520000407900000020050009060070413
031207050057000386409008170702986510080140097000025648000009704900050020314070060
004870060620491785007605130009506807750248000000019002400002971100080053390007400
390007400100080053400002971000019002750248000009506807007605130620491785004870060
314070060900050020000009704000025648080140097702986510409008170057000386031207050
060070413020050009407900000846520000790041080015689207071800904683000750050702130
006000307593200000847013000028705130954001760000406000032060015065082403100354070
100354070065082403032060015000406000954001760028705130847013000593200000006000307
100090850063052490052048736300407020586000100420615300040071003701063000035000007
058090001094250360637840250020704003001000685003516024300170040000360107700000530
070453001304280560510060230000604000067100459031507820000310748000002395703000600
703000600000002395000310748031507820067100459000604000510060230304280560070453001
700000530000360107300170040003516024001000685020704003637840250094250360058090001
035000007701063000040071003420615300586000100300407020052048736063052490100090850
205000807609203104014859630540060010162700500007010006051007260028005471076300905
076300905028005471051007260007010006162700500540060010014859630609203104205000807
000015062725064100681720495300070820000106500057000930942050618076001300510600047
260510000001460527594027186028070003005601000039000750816050249003100670740006015
509003670174500820062700150600010700005007261010060045036958410401302906708000502
708000502401302906036958410010060045005007261600010700062700150174500820509003670
740006015003100670816050249039000750005601000028070003594027186001460527260510000
510600047076001300942050618057000930000106500300070820681720495725064100000015062
060290510807004306510060200074002001000706903000340020056470130142630000730521000
730521000142630000056470130000340020000706903074002001510060200807004306060290510
710000580345007106026004070564370002237400609100062040001090235003200001000031060
085000017601700543070400620200073465906004732040260001532090100100002300060130000
000125037000036241031074650020043000309607000100200470002060015603400708015092060
015092060603400708002060015100200470309607000020043000031074650000036241000125037
060130000100002300532090100040260001906004732200073465070400620601700543085000017
000031060003200001001090235100062040237400609564370002026004070345007106710000580
061709845700200900043580001090300010130008090027915600000060029080193457000000060
000000060080193457000060029027915600130008090090300010043580001700200900061709845
000010070080239406000700301010903527096100800030580009040600098652091004079000105
070010000604932080103007000725309010008001690900085030890006040400190256501000970
060000000754391080920060000006519720090800031010003090100085340009002007548907160
548907160009002007100085340010003090090800031006519720920060000754391080060000000
501000970400190256890006040900085030008001690725309010103007000604932080070010000
079000105652091004040600098030580009096100800010903527000700301080239406000010070
270845003409062085008070040650003409000629030103750608960530012000090004305410000
305410000000090004960530012103750608000629030650003409008070040409062085270845003
309106042006005007500300890405760008193520764000093025000604000001030480042809053
240601903700500600098003005800067504467025391520390000000406000084030100350908240
000014503400090000210035069806057301030926000904300056040070800580260904300548072
300548072580260904040070800904300056030926000806057301210035069400090000000014503
350908240084030100000406000520390000467025391800067504098003005700500600240601903
042809053001030480000604000000093025193520764405760008500300890006005007309106042
956040201840520600002001000728059160000030870030718540400100700160074020207905010
207905010160074020400100700030718540000030870728059160002001000840520600956040201
214007089060302045700008206901700050070135024540809100007581062120476000000000001
980700412540203060602800007050007109420531070001908045260185700000674021100000000
010509702020470061007001004045817030078030000061950827000100200006025048102040659
102040659006025048000100200061950827078030000045817030007001004020470061010509702
100000000000674021260185700001908045420531070050007109602800007540203060980700412
000000001120476000007581062540809100070135024901700050700008206060302045214007089
215000700974100080030090104102903608003008945009000320807351069001007002040020517
040020517001007002807351069009000320003008945102903608030090104974100080215000700
008001092400000371017932045003009010205000900071083000500396107106240080729058400
290100800173000004540239710010900300009000502000380170701693005080042601004850927
715020040200700100960153708023000900549800300806309201401090030080001479007000512
007000512080001479401090030806309201549800300023000900960153708200700100715020040
004850927080042601701693005000380170009000502010900300540239710173000004290100800
729058400106240080500396107071083000205000900003009010017932045400000371008001092
901275306000380214082040070104908005238001007060700821010097060090862100025000090
025000090090862100010097060060700821238001007104908005082040070000380214901275306
000021009291630800500084201080709032069000487027018005010800023906200710000175046
900120000008036192102480005230907080784000960500810720320008010017002609640571000
090000520001268090060790010128007060700100832500809401070040280412083000603572109
603572109412083000070040280500809401700100832128007060060790010001268090090000520
640571000017002609320008010500810720784000960230907080102480005008036192900120000
000175046906200710010800023027018005069000487080709032500084201291630800000021009
068070504915300870000800091850703040400028700002400003706514932104007008000009417
000009417104007008706514932002400003400028700850703040000800091915300870068070504
017048090000005016046200058005407830001020007974083000409070085103004970782300104
090840710610500000850002640038704500700020100000380479580070904079400301401003287
714900000800700401239415607300004200007820004040307058190008000078003519405070860
405070860078003519190008000040307058007820004300004200239415607800700401714900000
401003287079400301580070904000380479700020100038704500850002640610500000090840710
782300104103004970409070085974083000001020007005407830046200058000005016017048090
072056009510020870906070100049000007650000084203647915005781003791200508060400701
060400701791200508005781003203647915650000084049000007906070100510020870072056009
070260950690054017015309602427600000008400725001700006750900180000180070183547009
059062070710450096206903510000006724527004800600007100081009057070081000900745381
107004060805002197300187500519746302480000056700000940001070609078020015900650270
900650270078020015001070609700000940480000056519746302300187500805002197107004060
900745381070081000081009057600007100527004800000006724206903510710450096059062070
183547009000180070750900180001700006008400725427600000015309602690054017070260950
014280056390540000000700091908175020067020500150060903601804230000302807803050000
803050000000302807601804230150060903067020500908175020000700091390540000014280056
806109030000560091301078004038001752500627048024005000082950000003002905070300106
030901608190065000400870103257100830840726005000500420000059280509200300601003070
000050308708203000032408106309060051005020760020571809190007000000045093650082410
650082410000045093190007000020571809005020760309060051032408106708203000000050308
601003070509200300000059280000500420840726005257100830400870103190065000030901608
070300106003002905082950000024005000500627048038001752301078004000560091806109030
263057901000320608890046052730015800104000560509260400010670000300000790075900184
075900184300000790010670000509260400104000560730015800890046052000320608263057901
030517802701003906500940003906200030007601425000005607170458069890060500400000281
208715030609300107300049005030002609524106700706500000960854071005060098182000004
481009570097000003000076010004062905065000401008510037250640098806023000109750362
109750362806023000250640098008510037065000401004062905000076010097000003481009570
182000004005060098960854071706500000524106700030002609300049005609300107208715030
400000281890060500170458069000005607007601425906200030500940003701003906030517802
081509073700000105060070000832000507000206309056703002020935000010804030493000050
493000050010804030020935000056703002000206309832000507060070000700000105081509073
400008070912503608300602001089720005003000700045360009000035010530000007000297053
070800004806305219100206003500027980007000300900063540010530000700000035350792000
050000394030408010000539020200307650903602000705000238000070060501000007370905180
370905180501000007000070060705000238903602000200307650000539020030408010050000394
350792000700000035010530000900063540007000300500027980100206003806305219070800004
000297053530000007000035010045360009003000700089720005300602001912503608400008070
302578604900402300840630000023001759080000060006005428098140035030906800751283040
751283040030906800098140035006005428080000060023001759840630000900402300302578604
700000893539082400108603002291000645804000307360501028080407036403265000005809004
398000007004280935200306801546000192703000408820105063630704080000562304400908500
040382157008609030530041890824500600060000080957100320000036048003204009406875203
406875203003204009000036048957100320060000080824500600530041890008609030040382157
400908500000562304630704080820105063703000408546000192200306801004280935398000007
005809004403265000080407036360501028804000307291000645108603002539082400700000893
073601950000752034402900010637014090290500068504006001706300009008009027000420680
000420680008009027706300009504006001290500068637014090402900010000752034073601950
007526400000093007086407203403050976200001050090604021600000009820069135079180040
004625700700390000302704680679050304050100002120406090900000006531960028040081970
086024000720900800900003607100600405860005092090410736010009204430257000059106370
059106370430257000010009204090410736860005092100600405900003607720900800086024000
040081970531960028900000006120406090050100002679050304302704680700390000004625700
079180040820069135600000009090604021200001050403050976086407203000093007007526400
300000057000500240000006000182700006005014020430008500008430902243860015059271834
059271834243860015008430902430008500005014020182700006000006000000500240300000057
020401003540308000938052000284007050763010000100840600809500020310020045452006007
300104020000803045000250839050700482000010367006048001020005908540020013700600254
438172950510068342209034800005800034020410500600007281000600000042005000750000003
750000003042005000000600000600007281020410500005800034209034800510068342438172950
700600254540020013020005908006048001000010367050700482000250839000803045300104020
452006007310020045809500020100840600763010000284007050938052000540308000020401003
750038604480652001030040082903500200000400000200090305008260100000310809610005400
610005400000310809008260100200090305000400000903500200030040082480652001750038604
600209047100000385008003000032045060016900453500000028481302006000000800090500214
740902006583000001000300800060540230354009610820000005600203184008000000412005090
004500016908013000001062800503090002000004000002005309280040030100256084406830057
406830057100256084280040030002005309000004000503090002001062800908013000004500016
412005090008000000600203184820000005354009610060540230000300800583000001740902006
090500214000000800481302006500000028016900453032045060008003000100000385600209047
000006001000845670004090238809400003300910006070253084430100060986532007010604390
010604390986532007430100060070253084300910006809400003004090238000845670000006001
094038000183700000060009400651294080030510940420300056300000260906800370070463801
000830490000007381004900060080492156049015030650003024062000003073008609108364070
093406010700235689060001034480352070600019003300004908832090400076548000100600000
100600000076548000832090400300004908600019003480352070060001034700235689093406010
108364070073008609062000003650003024049015030080492156004900060000007381000830490
070463801906800370300000260420300056030510940651294080060009400183700000094038000
600710094013000200974026380300602008060809030002000900200100609700205843030490100
030490100700205843200100609002000900060809030300602008974026380013000200600710094
072003906300060710000200430421086007900000201050092600186900320040030809039008004
609300270017060003034002000700680124102000009006290050023009681908030040400800930
001094030348502007906001002009000200030908060800206003083620479002000310490017006
490017006002000310083620479800206003030908060009000200906001002348502007001094030
400800930908030040023009681006290050102000009700680124034002000017060003609300270
039008004040030809186900320050092600900000201421086007000200430300060710072003906
302517400000690080060402750658020090009008005230056108703845006000209074804000500
804000500000209074703845006230056108009008005658020090060402750000690080302517400
807206003000305600403098002028000465004502091095680207500100704070009580046850000
300602708006503000200890304564000820190205400702086590407001005085900070000058640
005000408470902000600548307801650032500800900090020856057204060080096000004715203
004715203080096000057204060090020856500800900801650032600548307470902000005000408
000058640085900070407001005702086590190205400564000820200890304006503000300602708
046850000070009580500100704095680207004502091028000465403098002000305600807206003
005900014060840020498201065007000048900070630803694001500010280000023450342506000
342506000000023450500010280803694001900070630007000048498201065060840020005900014
305890400400000960200307805500600289021970040630400100042060000058034621000108504
004098503069000004508703002982006005040079120001004036000060240126430850405801000
000605243054320000082010005100496308036070009840000700560102894020048060410009500
410009500020048060560102894840000700036070009100496308082010005054320000000605243
405801000126430850000060240001004036040079120982006005508703002069000004004098503
000108504058034621042060000630400100021970040500600289200307805400000960305890400
050000000680009253043560170000080416504691000108000925892003761070008542000706309
000706309070008542892003761108000925504691000000080416043560170680009253050000000
008150060079000485002840300700060500000098600683010090357904120046201750921506030
060051800584000970003048200005060007006890000090010386021409753057102640030605129
903607000245800070167300298529000801000196405614080000071065340352900086000000050
000000050352900086071065340614080000000196405529000801167300298245800070903607000
030605129057102640021409753090010386006890000005060007003048200584000970060051800
921506030046201750357904120683010090000098600700060500002840300079000485008150060
040800590100059073070601402010304705005000000000705328004020000001500004207100000
207100000001500004004020000000705328005000000010304705070601402100059073040800590
200000010000001704714050000150703608002000050000504190000307405000200079040805230
010000002407100000000050417806307051050000200091405000504703000970002000032508040
000001702400005100000020400823507000000000500507403010204106070370950001095008040
095008040370950001204106070507403010000000500823507000000020400400005100000001702
032508040970002000504703000091405000050000200806307051000050417407100000010000002
040805230000200079000307405000504190002000050150703608714050000000001704200000010
090821300300400209005900800768140032500302704030009006100098000000000100920007000
920007000000000100100098000030009006500302704768140032005900800300400209090821300
901057030200306009000008500000031948009004002708920001010070823000003000000642090
030750109900603002005800000849130000200400900100029807328070010000300000090246000
000700029001000000000890001600900030407203005230041867008009500902004003003128090
003128090902004003008009500230041867407203005600900030000890001001000000000700029
090246000000300000328070010100029807200400900849130000005800000900603002030750109
000642090000003000010070823708920001009004002000031948000008500200306009901057030
005002000720965003600471200006040001900030720000000854060090047800700032007020008
007020008800700032060090047000000854900030720006040001600471200720965003005002000
080090670006000020700006005070000490209034760000000152000870200034520000827401030
076090080020000600500600007094000070067430902251000000002078000000025430030104728
800020700230007008740090060458000000027030009100040600002174006300569027000200500
000200500300569027002174006100040600027030009458000000740090060230007008800020700
030104728000025430002078000251000000067430902094000070500600007020000600076090080
827401030034520000000870200000000152209034760070000490700006005006000020080090670
209030604030140050000602000340070105090380702520000800050006907900000001073904006
073904006900000001050006907520000800090380702340070105000602000030140050209030604
090503002705294030300000009900030610000087043406000200009871006000000050617025004
200305090030492507900000003016030009340780000002000604600178900050000000400520716
600409370100000009709600050008000025207083090501070043000206000050041030406030902
406030902050041030000206000501070043207083090008000025709600050100000009600409370
400520716050000000600178900002000604340780000016030009900000003030492507200305090
617025004000000050009871006406000200000087043900030610300000009705294030090503002
060200075009300000070106380090700100046013000710060040804030009000608432037020000
037020000000608432804030009710060040046013000090700100070106380009300000060200075
008700000300149706704060090060007132203610000080030600040001300030400807029000005
000007800607941003090060407231700060000016302006030080003100040708004030500000920
000020730234806000900030408040060017000310640001007090083601070000003900570002060
570002060000003900083601070001007090000310640040060017900030408234806000000020730
500000920708004030003100040006030080000016302231700060090060407607941003000007800
029000005030400807040001300080030600203610000060007132704060090300149706008700000
004000080720891000050020070006300000000600231391000006538000000940560000010083504
010083504940560000538000000391000006000600231006300000050020070720891000004000080
095300070143900520008106004050063080860000290300000010500020000000030708400610000
070003590025009341400601800080360050092000068010000003000020005807030000000016004
405380010000065049000000835600000193132006000000003600070020050000198027080000400
080000400000198027070020050000003600132006000600000193000000835000065049405380010
000016004807030000000020005010000003092000068080360050400601800025009341070003590
400610000000030708500020000300000010860000290050063080008106004143900520095300070
300820509008004000005371008000003902002490170000000080107009300403082007520007094
520007094403082007107009300000000080002490170000003902005371008008004000300820509
541000003200000000037020580000040308080090702729003140003019005900870000470002809
300000145000000002085020730803040000207090080041300927500910300000078009908200074
490700025700280304003900701080000000071094200209300000800173500000400800905028003
905028003000400800800173500209300000071094200080000000003900701700280304490700025
908200074000078009500910300041300927207090080803040000085020730000000002300000145
470002809900870000003019005729003140080090702000040308037020580200000000541000003
083604500409080070500300060054701003096030040018000005005000036001000050000003907
000003907001000050005000036018000005096030040054701003500300060409080070083604500
000000540000195008015864093000007306000030080300001004900000005053040670706503000
045000000800591000390468510603700000080030000400100003500000009076040350000305607
709300000050000100630000500500000810040030690300107450060003005070080904005406380
005406380070080904060003005300107450040030690500000810630000500050000100709300000
000305607076040350500000009400100003080030000603700000390468510800591000045000000
706503000053040670900000005300001004000030080000007306015864093000195008000000540
023057090008300000009208136080000003260000010037800654000760089700900000090503061
090503061700900000000760089037800654260000010080000003009208136008300000023057090
070020000900368002000700983597800230006000005300000807000600100608510309109403600
000020070200863009389007000032008795500000600708000003001006000903015806006304901
160305090000009007980067000456008730010000062300000080631802900000003800090750320
090750320000003800631802900300000080010000062456008730980067000000009007160305090
006304901903015806001006000708000003500000600032008795389007000200863009000020070
109403600608510309000600100300000807006000005597800230000700983900368002070020000
040610007028300006960000020217080030086050070009003080002508001130904700004700050
004700050130904700002508001009003080086050070217080030960000020028300006040610007
010002900030081624402967080795000036000058001048300000070000000500873200001000067
009200010426180030080769204630000597100850000000003840000000070002378005760000100
050007400007409031100805200080300900070050680030080712020000069600003820700016040
700016040600003820020000069030080712070050680080300900100805200007409031050007400
760000100002378005000000070000003840100850000630000597080769204426180030009200010
001000067500873200070000000048300000000058001795000036402967080030081624010002900
260005008000006000500908607020000504000530009000000873350029180680050730000800040
000800040680050730350029180000000873000530009020000504500908607000006000260005008
063000502085002006000000000800050900052030000009000865071805600438700000000394708
205000360600200580000000000009050008000030250568000900006508170000007834807493000
040008000037050086081920053378000000900035000405000020706809005000600000800500062
800500062000600000706809005405000020900035000378000000081920053037050086040008000
807493000000007834006508170568000900000030250009050008000000000600200580205000360
000394708438700000071805600009000865052030000800050900000000000085002006063000502
