050204090000185624480600175201007403000320010807001952005000240700090800600042000
600042000700090800005000240807001952000320010201007403480600175000185624050204090
670802400000000805005701000000030612490020080200107054082904160004510729000203540
004208076508000000000107500216030000080020094450701002061409280927015400045302000
000240006008090007042000500259100708010023000304700102571006084426581000090402050
090402050426581000571006084304700102010023000259100708042000500008090007000240006
045302000927015400061409280450701002080020094216030000000107500508000000004208076
000203540004510729082904160200107054490020080000030612005701000000000805670802400
000580079050270000000043520300090600902650307067401000071360080080900040400820061
400820061080900040071360080067401000902650307300090600000043520050270000000580079
400093000087600050001720000893460025206059478000100300000036500648000207100070009
000390004050006780000027100520064398874950602003001000005630000702000846900070001
160028004040009080080063170000104760703056209006090003025340000000072050970085000
970085000000072050025340000006090003703056209000104760080063170040009080160028004
900070001702000846005630000003001000874950602520064398000027100050006780000390004
100070009648000207000036500000100300206059478893460025001720000087600050400093000
600080040094700500020304801210070900006000013700130060002090150065048000080500004
080500004065048000002090150700130060006000013210070900020304801094700500600080040
000702006860001290052060040500100370049307008080000400001009850005610004400030100
600207000092100068040060250073001005800703940004000080058900100400016500001030004
400005080000840560051090200060031007310000600009070012108403020005007490040080006
040080006005007490108403020009070012310000600060031007051090200000840560400005080
001030004400016500058900100004000080800703940073001005040060250092100068600207000
400030100005610004001009850080000400049307008500100370052060040860001290000702006
800500007020000000405716308003060000702194005100000080030080079000000862670052410
670052410000000862030080079100000080702194005003060000405716308020000000800500007
600170408703000020000023500000010705508096100200040600480000300167800000029050807
804071006020000307005320000507010000001690805006040002003000084000008761708050920
014250076268000000970080030080000001500491207000060300803617504000000020700005008
700005008000000020803617504000060300500491207080000001970080030268000000014250076
708050920000008761003000084006040002001690805507010000005320000020000307804071006
029050807167800000480000300200040600508096100000010705000023500703000020600170408
760003040002061305300200106073002008900070001210800754000520019020000507050080423
050080423020000507000520019210800754900070001073002008300200106002061305760003040
000290307520107006000003020005800200802070060000002013450700130201500004379418650
703092000600701025020300000002008500060070208310200000031007054400005102056814973
324080050705000020910025000457008012100070009800200370601002003503160200040300067
040300067503160200601002003800200370100070009457008012910025000705000020324080050
056814973400005102031007054310200000060070208002008500020300000600701025703092000
379418650201500004450700130000002013802070060005800200000003020520107006000290307
005007030193200560700309000062010090950600800300495020004970008510006074070542013
070542013510006074004970008300495020950600800062010090700309000193200560005007030
050390710710056090004002035509460320407901000260500907000080050170209063348000000
017093050090650017530200400023064905000109704709005062050080000360902071000000843
310245070470600015800079400020594003008006059090010260000903007065002391030700500
030700500065002391000903007090010260008006059020594003800079400470600015310245070
000000843360902071050080000709005062000109704023064905530200400090650017017093050
348000000170209063000080050260500907407901000509460320004002035710056090050390710
005960087780403006904070003600124309259038001013705000091000000020519074040080910
040080910020519074091000000013705000259038001600124309904070003780403006005960087
000026970429150080001390405050701049810032706090584030900003000170000008040019367
079620000080051924504093100940107050607230018030485090000300009800000071763910040
019080040470915020000000190000507310100830952903421006300070409600304087780069500
780069500600304087300070409903421006100830952000507310000000190470915020019080040
763910040800000071000300009030485090607230018940107050504093100080051924079620000
040019367170000008900003000090584030810032706050701049001390405429150080000026970
900208003204610005003597001100000007038050092702809000500000210000100049390480506
390480506000100049500000210702809000038050092100000007003597001204610005900208003
305701029900030000000280340410800562800050910000900708502000000041090000690027153
920107503000030009043082000265008014019050008807009000000000205000090140351720096
605084093940001000012000005000908207290050830700000001100795300500016402300802009
300802009500016402100795300700000001290050830000908207012000005940001000605084093
351720096000090140000000205807009000019050008265008014043082000000030009920107503
690027153041090000502000000000900708800050910410800562000280340900030000305701029
230169000800700500094250036000020090107080260900001000020807310400003002001000040
001000040400003002020807310900001000107080260000020090094250036800700500230169000
040910082002000903100070400008000271000082506037100009003020050401069300020000600
280019040309000200004070001172000800605280000900001730050020300003960104006000020
040000100200300004013708020000100009062080701090020000630052490005007008000961032
000961032005007008630052490090020000062080701000100009013708020200300004040000100
006000020003960104050020300900001730605280000172000800004070001309000200280019040
020000600401069300003020050037100009000082506008000271100070400002000903040910082
080007003090000000020068509300542060042710000756903012961030850000600394000009620
000009620000600394961030850756903012042710000300542060020068509090000000080007003
009703000006540298001620000060975000003014600900302807638000500295106000040200903
000307900892045600000026100000579060006410300708203009005000836000601592309002040
026900000493006000058030169210309657000017240060245003905860020000000090300700080
300700080000000090905860020060245003000017240210309657058030169493006000026900000
309002040000601592005000836708203009006410300000579060000026100892045600000307900
040200903295106000638000500900302807003014600060975000001620000006540298009703000
008620040500000690041000500103904060279860400000072810095008000002000004000197005
000197005002000004095008000000072810279860400103904060041000500500000690008620040
000021050009070400025093108100089006900760002708204000000840560000106094540000000
050120000004070900801390520600980001200067009000402807065048000490601000000000045
500791000400000200000800590018270000004068972060409301005000140096000005040026800
040026800096000005005000140060409301004068972018270000000800590400000200500791000
000000045490601000065048000000402807200067009600980001801390520004070900050120000
540000000000106094000840560708204000900760002100089006025093108009070400000021050
125390060309080701706514003050000670001200005030450080500003290290108040004000300
004000300290108040500003290030450080001200005050000670706514003309080701125390060
025000731090305002400010695010420503000500189083000400302006070049807006000050310
137000520200503090596010004305024010981005000004000380070600203600708940013050000
003000400040801092092300005080054030500002100076000050300415607107080903060093521
060093521107080903300415607076000050500002100080054030092300005040801092003000400
013050000600708940070600203004000380981005000305024010596010004200503090137000520
000050310049807006302006070083000400000500189010420503400010695090305002025000731
100805370000071008890463520230000000071602830000300002009026403000580209008100005
008100005000580209009026403000300002071602830230000000890463520000071008100805370
000002801000073900809010000150360408082000670006020315024080503000030207593200080
108200000009370000000010908804063051076000280513020600305080420702030000080002395
500001800902085000304620900200003000038206170000000032025364098800170000073508001
073508001800170000025364098000000032038206170200003000304620900902085000500001800
080002395702030000305080420513020600076000280804063051000010908009370000108200000
593200080000030207024080503006020315082000670150360408809010000000073900000002801
402003001050900700608001003005360029340780600286050007960035000000800040020097300
020097300000800040960035000286050007340780600005360029608001003050900700402003001
009230604206840050000605802080073090903586000705000103300060070040002000000709301
406032900050048602208506000090370080000685309301000507070060003000200040103907000
003790020040008000000530069700050682006087043920063500300100806007009050100300204
100300204007009050300100806920063500006087043700050682000530069040008000003790020
103907000000200040070060003301000507000685309090370080208506000050048602406032900
000709301040002000300060070705000103903586000080073090000605802206840050009230604
634705000109026500000048960000003002063802095500000806016450300908601007375000000
375000000908601007016450300500000806063802095000003002000048960109026500634705000
390500016701060003586030094064080007005000420010023865003800950000090600070652000
610005093300060107490030685700080460024000500568320010059008300006090000000256070
000000573700106809003054610608000005590208360200300000069840000005620901000507436
000507436005620901069840000200300000590208360608000005003054610700106809000000573
000256070006090000059008300568320010024000500700080460490030685300060107610005093
070652000000090600003800950010023865005000420064080007586030094701060003390500016
070000030030074010000300005109040000080027390053100042945200687360000100217068050
217068050360000100945200687053100042080027390109040000000300005030074010070000030
239001000164580037705309000002100300600024070800070040016030000508490013007200500
000100932730085461000903507003001200070420006040070008000030610310094805005002700
050860712001000063786002549240001350093720080000040901500003000010470030030000070
030000070010470030500003000000040901093720080240001350786002549001000063050860712
005002700310094805000030610040070008070420006003001200000903507730085461000100932
007200500508490013016030000800070040600024070002100300705309000164580037239001000
004960200090078436000023510000004092000000054200590070860701003410380700720609840
720609840410380700860701003200590070000000054000004092000023510090078436004960200
748200000216000090000000004637500009080900276901004380870000542400759130003042060
000002847090000612400000000900005736672009080083400109245000078031957004060240300
048906027007083014300107068070095002450000000290400000015320000634870090002069400
002069400634870090015320000290400000450000000070095002300107068007083014048906027
060240300031957004245000078083400109672009080900005736400000000090000612000002847
003042060400759130870000542901004380080900276637500009000000004216000090748200000
060400300240900000390068102670000400010036970900000036000300020006004719020079800
020079800006004719000300020900000036010036970670000400390068102240900000060400300
000906320200017946060000000003000094700030600940060800870094103012370000090600200
023609000649710002000000060490000300006030007008060049301490078000073210002006090
008970020917400600020003000630000009079630010004000076201860093000009042003004060
003004060000009042201860093004000076079630010630000009020003000917400600008970020
002006090000073210301490078008060049006030007490000300000000060649710002023609000
090600200012370000870094103940060800700030600003000094060000000200017946000906320
050120060016807025070000180000080240000001006709060001200008070000000938040073612
040073612000000938200008070709060001000001006000080240070000180016807025050120060
002700000400000715000900060000000081700608002308010070690002100137004826280160050
000007200517000004060009000180000000200806007070010803001200096628400731050061082
216370040839000000070800002100060907600100000042080000081000070520708610060021050
060021050520708610081000070042080000600100000100060907070800002839000000216370040
050061082628400731001200096070010803200806007180000000060009000517000004000007200
280160050137004826690002100308010070700608002000000081000900060400000715002700000
010000008708014250005608170050072000000105003360480705503700004190040060026000087
026000087190040060503700004360480705000105003050072000005608170708014250010000008
015300070290605001603000580007410600040807010000052840000700120860000750704530008
070003510100506092085000306006014700010708040048250000021007000057000068800035407
780000620060040091400007305507084063300501000000270050071806500052410807800000010
800000010052410807071806500000270050300501000507084063400007305060040091780000620
800035407057000068021007000048250000010708040006014700085000306100506092070003510
704530008860000750000700120000052840040807010007410600603000580290605001015300070
600503800002009000008120400105080204200004058080235061004000002006701500007400100
007400100006701500004000002080235061200004058105080204008120400002009000600503800
000021006000800000764005820470200105000308200010540093150002408000650000002184000
600120000000008000028500467501002074002803000390045010804200051000056000000481200
001004700005107600200000400160532080850400002402080501004021800000900200008305006
008305006000900200004021800402080501850400002160532080200000400005107600001004700
000481200000056000804200051390045010002803000501002074028500467000008000600120000
002184000000650000150002408010540093000308200470200105764005820000800000000021006
000001507000090010168020000087430020005000704006078905700056309604000208050003076
050003076604000208700056309006078905005000704087430020168020000000090010000001507
067000100500008600040657800000004000005703290306800001023970005700002010689540007
001000760006800005008756040000400000092307500100008603500079320010200007700045986
670300050802000406903650007509870600407000500020034780000020861010090000705100000
705100000010090000000020861020034780407000500509870600903650007802000406670300050
700045986010200007500079320100008603092307500000400000008756040006800005001000760
689540007700002010023970005306800001005703290000004000040657800500008600067000100
600002500007003010003900806026500000900008000380700000062349050409001062001260409
001260409409001062062349050380700000900008000026500000003900806007003010600002500
040390006006802000192006370203705900604000000019080032400000805065000010920000600
600093040000208600073600291009507302000000406230080910508000004010000560006000029
904062100260100904050943260000007083000800009000005620608009300010300700005200006
005200006010300700608009300000005620000800009000007083050943260260100904904062100
006000029010000560508000004230080910000000406009507302073600291000208600600093040
920000600065000010400000805019080032604000000203705900192006370006802000040390006
000000580070300046062004907600008000517092800308000409040200058206900074000645300
000645300206900074040200058308000409517092800600008000062004907070300046000000580
020356000004010670060870200692000030400090000500028400300480905075000048048900760
000653020076010400002078060030000296000090004004820005509084003840000570067009840
003546000470009602850002040904000803008290715000800006709400260640003070085000000
085000000640003070709400260000800006008290715904000803850002040470009602003546000
067009840840000570509084003004820005000090004030000296002078060076010400000653020
048900760075000048300480905500028400400090000692000030060870200004010670020356000
507000004381600020040108036490000150030004002000016040600890075804561200903000080
903000080804561200600890075000016040030004002490000150040108036381600020507000004
986004035000039480340000017058000160069100000010640800020001000807405320005020604
530400689084930000710000043061000850000001960008046010000100020023504708406020500
080000309002165408570098006040610000200400030051000094630801040020006183400000705
400000705020006183630801040051000094200400030040610000570098006002165408080000309
406020500023504708000100020008046010000001960061000850710000043084930000530400689
005020604807405320020001000010640800069100000058000160340000017000039480986004035
008067934010400050009003107086030495350206871000050002800040010195072600000600520
000600520195072600800040010000050002350206871086030495009003107010400050008067934
018030000090058010050006908600020040074503006020060307560084109201079053000215704
000030810010850090809600050040020006600305470703060020901480065350970102407512000
025006000006270591010040008200050000178602053594030680701300900050004010439760800
439760800050004010701300900594030680178602053200050000010040008006270591025006000
407512000350970102901480065703060020600305470040020006809600050010850090000030810
000215704201079053560084109020060307074503006600020040050006908090058010018030000
430005169200003070000481050070208016050300000860519720001630090009807041586094007
586094007009807041001630090860519720050300000070208016000481050200003070430005169
500800024800657003691000000086532400903100800470908135000700001049201576710006009
420008005300756008000000196004235680008001309531809074100007000675102940900600017
700490685140708900090036100027915068000003050610802070050184000070300002961500034
961500034070300002050184000610802070000003050027915068090036100140708900700490685
900600017675102940100007000531809074008001309004235680000000196300756008420008005
710006009049201576000700001470908135903100800086532400691000000800657003500800024
030905000104030952700000068479600235000000600000340089017400590543009800900050710
900050710543009800017400590000340089000000600479600235700000068104030952030905000
950004710041007003037009040004306009500400030090000005785062090109803650000905820
017400059300700140040900730900603400030004005500000090090260587056308901028509000
017050009008900345095004710980043000006000000532006974860000007259030401000509030
000509030259030401860000007532006974006000000980043000095004710008900345017050009
028509000056308901090260587500000090030004005900603400040900730300700140017400059
000905820109803650785062090090000005500400030004306009037009040041007003950004710
060389050035704016700560304308000470000000108509010200070003829000048637000002540
000002540000048637070003829509010200000000108308000470700560304035704016060389050
000503700007000036000908050000000573040100608283000049568214300432007015079080460
007305000630000700050809000375000000806001040940000382003412865510700234064080970
045200000736840000928300070002010905801000000074000803403065007610407530050983060
050983060610407530403065007074000803801000000002010905928300070736840000045200000
064080970510700234003412865940000382806001040375000000050809000630000700007305000
079080460432007015568214300283000049040100608000000573000908050007000036000503700
000034098742000160980000000000085041200010007009020350007609030008140000000002000
000002000008140000007609030009020350200010007000085041980000000742000160000034098
000020970000000840087900020016000000040218003209005004000300010003504069000071008
079020000048000000020009780000000610300812040400500902010003000960405300800170000
000200000000041800030906700053020900700010002140580000000000089061000247890430000
890430000061000247000000089140580000700010002053020900030906700000041800000200000
800170000960405300010003000400500902300812040000000610020009780048000000079020000
000071008003504069000300010209005004040218003016000000087900020000000840000020970
080706000000205093520000060060179032034628100002000609300467500040051000050030914
050030914040051000300467500002000609034628100060179032520000060000205093080706000
003000500540036208000240000004061027356027000017089056905610000100003690400902030
005000300802630045000042000720160400000720653650980710000016509096300001030209004
419030050000150040005764003906000200001826430230971060060000025390502000000607080
000607080390502000060000025230971060001826430906000200005764003000150040419030050
030209004096300001000016509650980710000720653720160400000042000802630045005000300
400902030100003690905610000017089056356027000004061027000240000540036208003000500
001050200000090070702683140407018063100030020000246010064000000008005490970804600
970804600008005490064000000000246010100030020407018063702683140000090070001050200
900014700706000000084007201800200600000431895450608300640000102090126470000003000
007410009000000607102700480006002008598134000003806054201000046074621090000300000
006408079094500800000000460010642000020030001360810704041386207070090000002050100
002050100070090000041386207360810704020030001010642000000000460094500800006408079
000300000074621090201000046003806054598134000006002008102700480000000607007410009
000003000090126470640000102450608300000431895800200600084007201706000000900014700
780530010300000004100060807270040698000716000460092570600458000512000080804920700
804920700512000080600458000460092570000716000270040698100060807300000004780530010
856402137010607008420000000904070005205914603008260000700506800080709001000008740
731204658800706010000000024500070409306419502000062800008605007100907080047800000
007029408080000215000854006075290064000617000896040072708060001400000003010035087
010035087400000003708060001896040072000617000075290064000854006080000215007029408
047800000100907080008605007000062800306419502500070409000000024800706010731204658
000008740080709001700506800008260000205914603904070005420000000010607008856402137
236000000578460100409703200003290500120045986004607020805104009702500800040008602
040008602702500800805104009004607020120045986003290500409703200578460100236000000
078010452400020073025403986051602740000049060804750300680095210000280000209060000
254010870370020004689304520047206150060940000003057408012590086000082000000060902
206800040008005207900401508020706400689540021005092300002307904001064875000000632
000000632001064875002307904005092300689540021020706400900401508008005207206800040
000060902000082000012590086003057408060940000047206150689304520370020004254010870
209060000000280000680095210804750300000049060051602740025403986400020073078010452
000610700403009000009380400010247590000053621300090840520400000040060052800000070
800000070040060052520400000300090840000053621010247590009380400403009000000610700
805300040042001000000000930004002306060954801000037090000865407750429000020010000
040003508000100240039000000603200400108459060090730000704568000000924057000010020
070000008250060040000004025048090003126350000095742010004083900000900304007016000
007016000000900304004083900095742010126350000048090003000004025250060040070000008
000010020000924057704568000090730000108459060603200400039000000000100240040003508
020010000750429000000865407000037090060954801004002306000000930042001000805300040
090080062000030010000140000081296004060800129002007000073500040500004230049301756
049301756500004230073500040002007000060800129081296004000140000000030010090080062
050000000407068009903201000305082100000009438140706000720010000534020016600094002
000000050900860704000102309001280503834900000000607041000010027610020435200490006
657103940032400005040005370000700200921008060400692180000041000010030000260080090
260080090010030000000041000400692180921008060000700200040005370032400005657103940
200490006610020435000010027000607041834900000001280503000102309900860704000000050
600094002534020016720010000140706000000009438305082100903201000407068009050000000
