402905760180740000950008004203800075068400039714009000049530621600080090300090000
300090000600080090049530621714009000068400039203800075950008004180740000402905760
360702914004160580009483002005048079983000040000900805006000007092037006001095400
419207063085061400200384900970840500040000389508009000700000600600730290004590100
000090003090080006126035940000900417930004860570008302400800059000047081067509204
067509204000047081400800059570008302930004860000900417126035940090080006000090003
004590100600730290700000600508009000040000389970840500200384900085061400419207063
001095400092037006006000007000900805983000040005048079009483002004160580360702914
405030007281900543003400016508009060007003000046275398372504689800000100014390200
014390200800000100372504689046275398007003000508009060003400016281900543405030007
083005024107400080402678315305200490900700003004539000216300050008906140009800637
420500380080004701513876204094002503300007009000935400050003612041609800736008900
002093410001000008986405273893572640000300700060900805610004300345009182700030504
700030504345009182610004300060900805000300700893572640986405273001000008002093410
736008900041609800050003612000935400300007009094002503513876204080004701420500380
009800637008906140216300050004539000900700003305200490402678315107400080083005024
410000200297800014000004059173050002904000001602090530036947008701306490000510306
000510306701306490036947008602090530904000001173050002000004059297800014410000200
070691024003007091016243070539000080104905000067000400340500002090300510608012940
420196070190700300070342610080000935000509401004000760200005043015003090049210806
603015000094603107800749630035090206100000409200050371950400000410008792002000014
002000014410008792950400000200050371100000409035090206800749630094603107603015000
049210806015003090200005043004000760000509401080000935070342610190700300420196070
608012940090300510340500002067000400104905000539000080016243070003007091070691024
500902100060051832007004506004098060691235008803607000005000607002070019706019003
706019003002070019005000607803607000691235008004098060007004506060051832500902100
700860005000090060625314700000620009170039050900758412006000581010006030397080620
500068007060090000007413526900026000050930071214857009185000600030600010026080793
300910607910070200706000500000706308800532196060890400605400700238150060001209005
001209005238150060605400700060890400800532196000706308706000500910070200300910607
026080793030600010185000600214857009050930071900026000007413526060090000500068007
397080620010006030006000581900758412170039050000620009625314700000090060700860005
200030005000502070580007003710000538960351000453028060091060350620873410307905826
307905826620873410091060350453028060960351000710000538580007003000502070200030005
360497502029561800701300000980030050076250003530810720843005000215603070600008305
205794063008165920000003107050030089300052670027018035000500348070306512503800006
628509703014378026053060190060820354000153069835000017300700085070205000500030002
500030002070205000300700085835000017000153069060820354053060190014378026628509703
503800006070306512000500348027018035300052670050030089000003107008165920205794063
600008305215603070843005000530810720076250003980030050701300000029561800360497502
304006809070000253059283004517000908000100675803097001206300507435870190090465080
090465080435870190206300507803097001000100675517000908059283004070000253304006809
042805003930001570056307904483010200670900800500700306015069028890070050007158439
300508240075100039409703650002010384008009076603007005820960510050070098934851700
080564090091078534705003602100790308576001000809000715400382950352000070908600403
908600403352000070400382950809000715576001000100790308705003602091078534080564090
934851700050070098820960510603007005008009076002010384409703650075100039300508240
007158439890070050015069028500700306670900800483010200056307904930001570042805003
001300786403006019005091030904070602050463008008250473000007000100000000500614327
500614327100000000000007000008250473050463008904070602005091030403006019001300786
510009040000050000000804531600240003100567900407030160300406007200700318700382096
040900015000050000135408000300042006009765001061030704700604003813007002690283007
723416005000000001000700000374052800800364050206070409030190500910600304687003100
687003100910600304030190500206070409800364050374052800000700000000000001723416005
690283007813007002700604003061030704009765001300042006135408000000050000040900015
700382096200700318300406007407030160100567900600240003000804531000050000510009040
350000001098120430010900052020040500583012740070090028065271004030058006240300085
240300085030058006065271004070090028583012740020040500010900052098120430350000001
200050003436782195005030080302000910057914020081020000000075040800240530564800201
300050002591287634080030500019000203020419750000020180040570000035042008102008465
580003042600850030400172560820090070047210385005040020250009010034021890100000053
100000053034021890250009010005040020047210385820090070400172560600850030580003042
102008465035042008040570000000020180020419750019000203080030500591287634300050002
564800201800240530000075040081020000057914020302000910005030080436782195200050003
000905320907030060320140800184000003073461908090080214850003700040050032700000506
700000506040050032850003700090080214073461908184000003320140800907030060000905320
708001390045978200000034070000040109050860430003010005507290803030100062620483000
093100807002879540070430000901040000034068050500010300308092705260001030000384026
605000007230050040007300058412080090809164370300000481008041023060030709023509000
023509000060030709008041023300000481809164370412080090007300058230050040605000007
000384026260001030308092705500010300034068050901040000070430000002879540093100807
620483000030100062507290803003010005050860430000040109000034070045978200708001390
510429080700800061830060452100054609000003010690000574060502103258040006341900805
341900805258040006060502103690000574000003010100054609830060452700800061510429080
320601875456900301180000000905000084040005602002034009801506400000710568563409210
578106023103009654000000081480000509206500040900430200004605108865017000012904365
508009143600040852301205060475000096010300000906450001254060038160008007080924015
080924015160008007254060038906450001010300000475000096301205060600040852508009143
012904365865017000004605108900430200206500040480000509000000081103009654578106023
563409210000710568801506400002034009040005602905000084180000000456900301320601875
020000006800236000460010203318450060050891007940020050094062301000045609200109045
200109045000045609094062301940020050050891007318450060460010203800236000020000006
200903480009451602004008000100084020046295130952010060063000200400506000591070306
084309002206154900000800400020480001031592640060010259002000360000605004603070195
540901002906540000103260490050020049700198050060054813302010064000632008600000020
600000020000632008302010064060054813700198050050020049103260490906540000540901002
603070195000605004002000360060010259031592640020480001000800400206154900084309002
591070306400506000063000200952010060046295130100084020004008000009451602200903480
400000000301570984000104073000021030704300800236009041093210458857940160002060390
002060390857940160093210458236009041704300800000021030000104073301570984400000000
080270034059300000273640010092030150641002070000901400314080090965403780008100340
430072080000003950010046372051030290070200146004109000090080413087304569043001800
093060200061049758854012390140900632008003407030120000370401000489075103000000004
000000004489075103370401000030120000008003407140900632854012390061049758093060200
043001800087304569090080413004109000070200146051030290010046372000003950430072080
008100340965403780314080090000901400641002070092030150273640010059300000080270034
900813650346020087001674309100406075030702860065080030000000000617590243083041000
083041000617590243000000000065080030030702860100406075001674309346020087900813650
060001039810630040370500160050074608490800721100026403020080306040367085030005970
930100060040036018061005073806470050127008094304620001603080020580763040079500030
000140380342095716000000000030080560068207030570604001903476100780020643056318009
056318009780020643903476100570604001068207030030080560000000000342095716000140380
079500030580763040603080020304620001127008094806470050061005073040036018930100060
030005970040367085020080306100026403490800721050074608370500160810630040060001039
380062957000000204472859063000305020000200400006784005700008092805903040060000038
060000038805903040700008092006784005000200400000305020472859063000000204380062957
087000403600000708050600200090723800000800506038405902000040029349002605802500347
304000780807000006002006050008327090605008000209504830920040000506200943743005208
830000060040309508290800007500487600004002000020503000360958274402000000759260083
759260083402000000360958274020503000004002000500487600290800007040309508830000060
743005208506200943920040000209504830605008000008327090002006050807000006304000780
802500347349002605000040029038405902000800506090723800050600200600000708087000403
060003190107240030059008072200501769601000000503920001016090307035607080704085900
704085900035607080016090307503920001601000000200501769059008072107240030060003190
700562010031000506456310970060905020809200040570001803903007001080006739007109200
010265007605000130079013654020509060040002908308100075100700309937600080002901700
009580407080706530703090610100029305000000106967105002270800950030042701091300060
091300060030042701270800950967105002000000106100029305703090610080706530009580407
002901700937600080100700309308100075040002908020509060079013654605000130010265007
007109200080006739903007001570001803809200040060905020456310970031000506700562010
062079080378001069090620305643000190085013600210900800054000030006050048800400506
800400506006050048054000030210900800085013600643000190090620305378001069062079080
800206030005184976064053082400900600050010207000030019500861300043009068680000590
030602008679481500280350460006009004702010050910030000003168005860900340095000086
605004008840050600030000450008009012006310580091000346503026090960100873080970260
080970260960100873503026090091000346006310580008009012030000450840050600605004008
095000086860900340003168005910030000702010050006009004280350460679481500030602008
680000590043009068500861300000030019050010207400900600064053082005184976800206030
026000493030004000914005278107000804402008305305426709600000900850962007000871000
000871000850962007600000900305426709402008305107000804914005278030004000026000493
086341900050000132000527406890400000760200000120680540009738204000000709070954803
009143680231000050604725000000004098000002067045086021402837900907000000308459070
000178000700269058009000006907624503503800204408000701872500419000400030394000620
394000620000400030872500419408000701503800204907624503009000006700269058000178000
308459070907000000402837900045086021000002067000004098604725000231000050009143680
070954803000000709009738204120680540760200000890400000000527406050000132086341900
003040120100025307790016000400239005806004093509680412065800030908003000017092006
017092006908003000065800030509680412806004093400239005790016000100025307003040120
090584710106000900785960003008602000900803124230049650000400031003190002600235070
017485090009000601300069587000206800421308009056940032130004000200091300070532006
600290710000300809030008560214086905390400608500932004000610097703520001021040300
021040300703520001000610097500932004390400608214086905030008560000300809600290710
070532006200091300130004000056940032421308009000206800300069587009000601017485090
600235070003190002000400031230049650900803124008602000785960003106000900090584710
001480609007900481090601530710045206502396007000217040405008000086530020300704000
300704000086530020405008000000217040502396007710045206090601530007900481001480609
304057000080001900065020071750230694030194008408765100000002546020400380000076019
000750403009100080170020560496032057800491030001567804645200000083004020910670000
000407003020035680000800504040712000700693205602540017035106090184009700906084100
906084100184009700035106090602540017700693205040712000000800504020035680000407003
910670000083004020645200000001567804800491030496032057170020560009100080000750403
000076019020400380000002546408765100030194008750230694065020071080001900304057000
100245806008070025000608307620053080503800040004700003002930000056184070019507600
019507600056184070002930000004700003503800040620053080000608307008070025100245806
000056001150002000962430080519780602083005074740003805600000308070048020000300756
100650000000200051080034269206087915470500380508300047803000006020840070657003000
006705910070481650000039200300007400040008305080350026703806000520070800608542001
608542001520070800703806000080350026040008305300007400000039200070481650006705910
657003000020840070803000006508300047470500380206087915080034269000200051100650000
000300756070048020600000308740003805083005074519780602962430080150002000000056001
008600010410509000920100005345200079100060520200735108650897000890006457730000006
730000006890006457650897000200735108100060520345200079920100005410509000008600010
786213940395004210000005008008702156009360000067500090040150000050027001670809500
049312687012400593800500000651207800000063900090005760000051040100720050005908076
600000037754600098000798056801537002025060001970002543500001029000905014010006800
010006800000905014500001029970002543025060001801537002000798056754600098600000037
005908076100720050000051040090005760000063900651207800800500000012400593049312687
670809500050027001040150000067500090009360000008702156000005008395004210786213940
072008965085692003096010400804005609000800007000020018240056791061080000050041806
050041806061080000240056791000020018000800007804005609096010400085692003072008965
002008000564000987010004652000080060485200190106005028807006409009100006601879035
000800200789000465256400010060080000091002584820500601904600708600001900530978106
608140050000080160197650042810020000700008000906500408004010690300296580569800270
569800270300296580004010690906500408700008000810020000197650042000080160608140050
530978106600001900904600708820500601091002584060080000256400010789000465000800200
601879035009100006807006409106005028485200190000080060010004652564000987002008000
049810500560900010180007396650089000203561048008300057006100009025090431800004060
800004060025090431006100009008300057203561048650089000180007396560900010049810500
800026150020005864056830009001350098090068001400019700040000305630540910019780600
051620008468500020900038650890053100100860090007910004503000040019045036006087910
060400008134090520900001600750003800840165302000980056693700081010009065005018940
005018940010009065693700081000980056840165302750003800900001600134090520060400008
006087910019045036503000040007910004100860090890053100900038650468500020051620008
019780600630540910040000305400019700090068001001350098056830009020005864800026150
040530870503600940170000205650023104700164300401050000017940003804310760065000010
065000010804310760017940003401050000700164300650023104170000205503600940040530870
080476150601005704547100030039010065014562003000043000070031298160000047003004500
051674080407500106030001745560010930300265410000340000892130070740000061005400300
010000560067013408300049710000050104003461007401320056502000071049006305078035040
078035040049006305502000071401320056003461007000050104300049710067013408010000560
005400300740000061892130070000340000300265410560010930030001745407500106051674080
003004500160000047070031298000043000014562003039010065547100030601005704080476150
040361050170050080090000304000036790057100620001702500320978160710040830000203000
000203000710040830320978160001702500057100620000036790090000304170050080040361050
073000010012050974000170000209710003047003056308206001081567300036029085000000400
010000370479050210000071000300017902650300740100602803003765180580920630004000000
000302000038040017061879023005207100026001750097630000403000090080050071050163040
050163040080050071403000090097630000026001750005207100061879023038040017000302000
004000000580920630003765180100602803650300740300017902000071000479050210010000370
000000400036029085081567300308206001047003056209710003000170000012050974073000010
001006720020908003056030801490070068503869012018025007349080005005007000107054930
107054930005007000349080005018025007503869012490070068056030801020908003001006720
103054000004109520759830601000080090508267300470590086900000807300016002005728130
000450301025901400106038957090080000003762805680095074708000009200610003031827500
039450701000700500500080943700520810210968305860070094108030650300809020027600100
027600100300809020108030650860070094210968305700520810500080943000700500039450701
031827500200610003708000009680095074003762805090080000106038957025901400000450301
005728130300016002900000807470590086508267300000080090759830601004109520103054000
402800670300605804685000003800103502931524708006078301500010200060702430720480050
720480050060702430500010200006078301931524708800103502685000003300605804402800670
705098634260030800000610502470051068801720000020843050042375086530000007000182340
436890507008030062205016000860150074000027108050348020680573240700000035043281000
050084027034207060002010005103870600807425139205301008300000586408506003076008204
076008204408506003300000586205301008807425139103870600002010005034207060050084027
043281000700000035680573240050348020000027108860150074205016000008030062436890507
000182340530000007042375086020843050801720000470051068000610502260030800705098634
000054006059007800036819257320071609047906508965080021780105062000000180002048003
002048003000000180780105062965080021047906508320071609036819257059007800000054006
007903000008642350200570690001090800400807105805061974010056280086200500302189706
000309700053246800096075002008090100501708004479160508082650010005002680607981203
300840200081000000260501087120080569805609740906170023752918630008700950600450000
600450000008700950752918630906170023805609740120080569260501087081000000300840200
607981203005002680082650010479160508501708004008090100096075002053246800000309700
302189706086200500010056280805061974400807105001090800200570690008642350007903000
024803070000601004980754120000000000072930000890070340049062805010580000568017239
568017239010580000049062805890070340072930000000000000980754120000601004024803070
500800900614970802809020004050090768186730500702000413208300100300400207905000040
009008005208079416400020908867090050005037681314000207001003802702004003040000509
932710865000085010508260940043070098000039270000000000021457089400106000070308420
070308420400106000021457089000000000000039270043070098508260940000085010932710865
040000509702004003001003802314000207005037681867090050400020908208079416009008005
905000040300400207208300100702000413186730500050090768809020004614970802500800900
010607000306080247907235060503469000400003600762050304809300006020070039630892470
630892470020070039809300006762050304400003600503469000907235060306080247010607000
608745930320600001009203760803004206970506380200039507400360020730000640096400070
039547806100006023067302900602400308083605079705930002020063004046000037070004690
074298036930070020600003908403050267006300004000964305060532709742080603000706010
000706010742080603060532709000964305006300004403050267600003908930070020074298036
070004690046000037020063004705930002083605079602400308067302900100006023039547806
096400070730000640400360020200039507970506380803004206009203760320600001608745930
618070030300006072072301080701862000204715068056000020003590000460000859580600210
580600210460000859003590000056000020204715068701862000072301080300006072618070030
540027036860500701003641208605078300009016007000052160280000000150260873090080020
630720045107005068802146300003870506700610900061250000000000082378062051020080090
012006085958000064000095300020000650860517402000268107080103270270600003030070816
030070816270600003080103270000268107860517402020000650000095300958000064012006085
020080090378062051000000082061250000700610900003870506802146300107005068630720045
090080020150260873280000000000052160009016007605078300003641208860500701540027036
000046000020000100536819400601973254247050300305400006050302610800190570002007800
002007800800190570050302610305400006247050300601973254536819400020000100000046000
080326500005040320200571600013409800090057104702003906856032410071005000000604000
005623080023040500006175002008904310401750090609300207014230658000500170000406000
008700200075091008016203050600004503003050742452379106004918635001000020000640000
000640000001000020004918635452379106003050742600004503016203050075091008008700200
000406000000500170014230658609300207401750090008904310006175002023040500005623080
000604000071005000856032410702003906090057104013409800200571600005040320080326500
603918050045600179900507380286730000530000040194802000009200000008409725062070010
062070010008409725009200000194802000530000040286730000900507380045600179603918050
000152906600938040289406053042807569700003001090200708070000310120040875050000090
609251000040839006350604982965708240100300007807002090013000070578040021090000050
010070260527904800000002900000208491040000035000037682083705009971006540050819306
050819306971006540083705009000037682040000035000208491000002900527904800010070260
090000050578040021013000070807002090100300007965708240350604982040839006609251000
050000090120040875070000310090200708700003001042807569289406053600938040000152906
100406700953008020476390105090001540001000002300920801814005200060009300239014050
239014050060009300814005200300920801001000002090001540476390105953008020100406700
208300491361009750904010630000900304100200900495001086032805107500004020000120500
194003802057900163036010409403009000009002001680100594701508230020400005005021000
050410932003900060002500418108029003200000100045100090501093674020800359007604001
007604001020800359501093674045100090200000100108029003002500418003900060050410932
005021000020400005701508230680100594009002001403009000036010409057900163194003802
000120500500004020032805107495001086100200900000900304904010630361009750208300491
018000050092015804046002037601579403030080005854031900103920500265748301089053000
089053000265748301103920500854031900030080005601579403046002037092015804018000050
021806000860530491953401628079005000542387010380109250035904080000000305010053740
000608120194035068826104359000500970010783245052901083080409530503000000047350010
000350980103847562005029301009130458500080030304975106730200640408510290050000810
050000810408510290730200640304975106500080030009130458005029301103847562000350980
047350010503000000080409530052901083010783245000500970826104359194035068000608120
010053740000000305035904080380109250542387010079005000953401628860530491021806000
200084196810050007690120548370000009426307000008000470049030005002000364560408912
560408912002000364049030005008000470426307000370000009690120548810050007200084196
500043682604027910029860000400030100003000258800070004930400501160700409245009876
286340005019720406000068920001030004852000300400070008105004039904007061678900542
219804065463000200500030940074000800000703624900000073845021096700050018691480002
691480002700050018845021096900000073000703624074000800500030940463000200219804065
678900542904007061105004039400070008852000300001030004000068920019720406286340005
245009876160700409930400501800070004003000258400030100029860000604027910500043682
000004005500002800400700632301400906006003184004069203640907310200008060873016020
873016020200008060640907310004069203006003184301400906400700632500002800000004005
826003450704000000300461000009004700100600000687930024003219680261080300000346205
054300628000000407000164003007400900000006001420039786086912300003080162502643000
020610378060800002013709046302960400481300600609004103236007004008200005500400000
500400000008200005236007004609004103481300600302960400013709046060800002020610378
502643000003080162086912300420039786000006001007400900000164003000000407054300628
000346205261080300003219680687930024100600000009004700300461000704000000826003450
300158970498037000510029008924060050050200493730594062040080009603940001089300006
089300006603940001040080009730594062050200493924060050510029008498037000300158970
060709543804352190930004080390520001048906235000400978000040009000695007619230800
345907060091253408080400039100025093532609840879004000900040000700596000008032916
600003980100049306900080040260495037394002050050060429800920015000730894079851003
079851003000730894800920015050060429394002050260495037900080040100049306600003980
008032916700596000900040000879004000532609840100025093080400039091253408345907060
619230800000695007000040009000400978048906235390520001930004080804352190060709543
